Vertex Count: 1074

Data:

1.5997 27.2174 1.4723 0.4158 0.5015 0.0873 -0.946 -0.3121 
0.1219 24.5827 1.4723 0.501 0.5977 0.832 -0.4667 -0.2998 
-0.2833 24.5827 0.347904 0.469 0.6426 0.6197 -0.4617 -0.6347 
6.7776 28.4351 0.923305 0.3245 0.281 0.1221 -0.0379 -0.9918 
4.8885 28.722 0.525405 0.3074 0.3701 0.1848 -0.082 -0.9793 
4.8885 31.5776 0.538605 0.1862 0.3635 0.1421 0.2108 -0.9671 
4.8885 27.1814 0.761104 0.373 0.3694 -0.0348 -0.461 -0.8867 
4.8885 28.722 0.525405 0.3074 0.3701 0.1848 -0.082 -0.9793 
6.7776 28.4351 0.923305 0.3245 0.281 0.1221 -0.0379 -0.9918 
4.8885 28.722 0.525405 0.3074 0.3701 0.1848 -0.082 -0.9793 
4.8885 27.1814 0.761104 0.373 0.3694 -0.0348 -0.461 -0.8867 
2.9994 27.6499 0.463704 0.3535 0.4592 0.1968 -0.6231 -0.757 
2.9994 27.0924 1.4723 0.4004 0.45 -0.0683 -0.8864 -0.4579 
2.9994 27.6499 0.463704 0.3535 0.4592 0.1968 -0.6231 -0.757 
4.8885 27.1814 0.761104 0.373 0.3694 -0.0348 -0.461 -0.8867 
1.5997 27.7246 -0.239395 0.3455 0.5352 0.391 -0.5697 -0.7229 
2.9994 27.6499 0.463704 0.3535 0.4592 0.1968 -0.6231 -0.757 
2.9994 27.0924 1.4723 0.4004 0.45 -0.0683 -0.8864 -0.4579 
2.9994 27.0924 1.4723 0.4004 0.45 -0.0683 -0.8864 -0.4579 
1.5997 27.2174 1.4723 0.4158 0.5015 0.0873 -0.946 -0.3121 
1.5997 27.7246 -0.239395 0.3455 0.5352 0.391 -0.5697 -0.7229 
-0.2833 24.5827 0.347904 0.469 0.6426 0.6197 -0.4617 -0.6347 
1.5997 27.7246 -0.239395 0.3455 0.5352 0.391 -0.5697 -0.7229 
1.5997 27.2174 1.4723 0.4158 0.5015 0.8339 -0.5291 -0.1568 
-2.1848 24.5827 -0.482096 0.4485 0.7319 -0.0581 -0.3564 -0.9325 
1.5997 27.7246 -0.239395 0.3455 0.5352 0.391 -0.5697 -0.7229 
-0.2833 24.5827 0.347904 0.469 0.6426 0.6197 -0.4617 -0.6347 
-6.2953 27.1464 -0.787696 0.2991 0.9092 0.3051 -0.6277 -0.7162 
-6.1347 27.3731 -0.463496 0.3015 0.9014 0.6733 -0.5487 -0.4955 
-6.1165 27.368 1.5255 0.3667 0.9634 -0.1092 -0.994 -0.0016 
-5.2849 27.2201 1.5185 0.3838 0.937 -0.6199 -0.7838 -0.0382 
-6.1165 27.368 1.5255 0.3667 0.9634 -0.1092 -0.994 -0.0016 
-6.1347 27.3731 -0.463496 0.3015 0.9014 0.6733 -0.5487 -0.4955 
-6.1347 27.3731 -0.463496 0.3015 0.9014 0.6733 -0.5487 -0.4955 
-5.3038 27.2201 -0.558096 0.3201 0.8652 -0.4101 -0.4091 -0.8151 
-5.2849 27.2201 1.5185 0.3838 0.937 -0.6199 -0.7838 -0.0382 
-5.2849 27.2201 1.5185 0.3838 0.937 -0.6199 -0.7838 -0.0382 
-5.3038 27.2201 -0.558096 0.3201 0.8652 -0.4101 -0.4092 -0.8151 
-4.0696 24.5827 0.378704 0.4468 0.8208 -0.7041 -0.4438 -0.5543 
-2.1848 24.5827 -0.482096 0.4485 0.7319 -0.0581 -0.3564 -0.9325 
-4.0696 24.5827 0.378704 0.4468 0.8208 -0.7041 -0.4438 -0.5543 
-5.3038 27.2201 -0.558096 0.3201 0.8652 -0.4101 -0.4091 -0.8151 
-5.3038 27.2201 -0.558096 0.3201 0.8652 -0.4101 -0.4091 -0.8151 
-2.1848 27.2201 -0.980296 0.3386 0.7192 -0.0044 -0.0998 -0.995 
-2.1848 24.5827 -0.482096 0.4485 0.7319 -0.0581 -0.3564 -0.9325 
-2.1848 24.5827 -0.482096 0.4485 0.7319 0.2122 -0.1814 -0.9603 
-2.1848 27.2201 -0.980296 0.3386 0.7192 -0.0044 -0.0998 -0.995 
1.5997 27.7246 -0.239395 0.3455 0.5352 0.391 -0.5697 -0.7229 
-2.1848 27.2201 -0.980296 0.3386 0.7192 -0.0044 -0.0998 -0.995 
1.5997 28.788 -0.802295 0.2959 0.5371 0.3178 -0.1764 -0.9316 
1.5997 27.7246 -0.239395 0.3455 0.5352 0.391 -0.5697 -0.7229 
2.9994 27.6499 0.463704 0.3535 0.4592 0.1968 -0.6231 -0.757 
1.5997 27.7246 -0.239395 0.3455 0.5352 0.391 -0.5697 -0.7229 
1.5997 28.788 -0.802295 0.2959 0.5371 0.3178 -0.1764 -0.9316 
1.5997 28.788 -0.802295 0.2959 0.5371 0.3178 -0.1764 -0.9316 
2.9994 28.826 0.127405 0.3 0.46 0.388 -0.1246 -0.9132 
2.9994 27.6499 0.463704 0.3535 0.4592 0.1968 -0.6231 -0.757 
-4.0696 24.5827 0.378704 0.4468 0.8208 -0.7041 -0.4438 -0.5543 
-4.4368 24.5827 1.4723 0.4744 0.8643 -0.9082 -0.2867 -0.3049 
-5.2849 27.2201 1.5185 0.3838 0.937 -0.6199 -0.7838 -0.0382 
2.9994 31.3682 0.139405 0.1886 0.4531 0.3678 0.2981 -0.8808 
2.9994 28.826 0.127405 0.3 0.46 0.388 -0.1246 -0.9132 
1.5997 28.788 -0.802295 0.2959 0.5371 0.3178 -0.1764 -0.9316 
1.5997 28.788 -0.802295 0.2959 0.5371 0.3178 -0.1764 -0.9316 
1.5997 31.3434 -0.800395 0.191 0.5278 0.2473 0.3847 -0.8893 
2.9994 31.3682 0.139405 0.1886 0.4531 0.3678 0.2981 -0.8809 
1.5997 31.3434 -0.800395 0.191 0.5278 0.2473 0.3847 -0.8893 
1.5997 28.788 -0.802295 0.2959 0.5371 0.3178 -0.1764 -0.9316 
-2.1848 27.2201 -0.980296 0.3386 0.7192 -0.0044 -0.0998 -0.995 
-2.1848 27.2201 -0.980296 0.3386 0.7192 -0.0044 -0.0998 -0.995 
-2.1848 31.1683 -0.932695 0.1775 0.6948 -0.0955 0.2793 -0.9554 
1.5997 31.3434 -0.800395 0.191 0.5278 0.2473 0.3847 -0.8893 
-5.1201 30.7862 -0.189195 0.1648 0.8311 -0.1592 0.2556 -0.9536 
-2.1848 31.1683 -0.932695 0.1775 0.6948 -0.0955 0.2793 -0.9554 
-2.1848 27.2201 -0.980296 0.3386 0.7192 -0.0044 -0.0998 -0.995 
-2.1848 27.2201 -0.980296 0.3386 0.7192 -0.0044 -0.0998 -0.995 
-5.3038 27.2201 -0.558096 0.3201 0.8652 -0.4101 -0.4091 -0.8151 
-5.1201 30.7862 -0.189195 0.1648 0.8311 -0.1592 0.2556 -0.9536 
-5.1201 30.7862 -0.189195 0.1648 0.8311 -0.1592 0.2556 -0.9536 
-5.3038 27.2201 -0.558096 0.3201 0.8652 -0.4101 -0.4091 -0.8151 
-6.1347 27.3731 -0.463496 0.3015 0.9014 0.6733 -0.5487 -0.4955 
-6.1347 27.3731 -0.463496 0.3015 0.9014 0.6733 -0.5488 -0.4955 
-5.957 30.8118 -0.105595 0.1542 0.8691 0.6326 0.1705 -0.7555 
-5.1201 30.7862 -0.189195 0.1648 0.8311 -0.1592 0.2556 -0.9536 
2.9994 27.6499 0.463704 0.3535 0.4592 0.1968 -0.6231 -0.757 
2.9994 28.826 0.127405 0.3 0.46 0.388 -0.1246 -0.9132 
4.8885 28.722 0.525405 0.3074 0.3701 0.1848 -0.082 -0.9793 
4.8885 28.722 0.525405 0.3074 0.3701 0.1848 -0.082 -0.9793 
2.9994 28.826 0.127405 0.3 0.46 0.388 -0.1246 -0.9132 
2.9994 31.3682 0.139405 0.1886 0.4531 0.3678 0.2981 -0.8808 
2.9994 31.3682 0.139405 0.1886 0.4531 0.3678 0.2981 -0.8809 
4.8885 31.5776 0.538605 0.1862 0.3635 0.1421 0.2108 -0.9671 
4.8885 28.722 0.525405 0.3074 0.3701 0.1848 -0.082 -0.9793 
4.8885 31.5776 0.538605 0.1862 0.3635 0.1421 0.2108 -0.9671 
2.9994 31.3682 0.139405 0.1886 0.4531 0.3678 0.2981 -0.8809 
2.9994 32.3263 0.847305 0.1332 0.4438 0.0897 0.7965 -0.598 
2.9994 32.3263 0.847305 0.1332 0.4438 0.0897 0.7965 -0.598 
2.9994 31.3682 0.139405 0.1886 0.4531 0.3678 0.2981 -0.8808 
1.5997 31.3434 -0.800395 0.191 0.5278 0.2473 0.3847 -0.8893 
1.5997 31.3434 -0.800395 0.191 0.5278 0.2473 0.3847 -0.8893 
1.5997 32.3476 0.405205 0.13 0.5127 0.1116 0.8693 -0.4815 
2.9994 32.3263 0.847305 0.1332 0.4438 0.0897 0.7965 -0.598 
1.5997 32.3476 0.405205 0.13 0.5127 0.1116 0.8693 -0.4815 
1.5997 31.3434 -0.800395 0.191 0.5278 0.2473 0.3847 -0.8893 
-2.1848 31.1683 -0.932695 0.1775 0.6948 -0.0955 0.2793 -0.9554 
-2.1848 31.1683 -0.932695 0.1775 0.6948 -0.0955 0.2793 -0.9554 
-2.1848 32.6556 -0.095495 0.1111 0.6836 -0.0538 0.8353 -0.5471 
1.5997 32.3476 0.405205 0.13 0.5127 0.1116 0.8693 -0.4815 
-2.1848 32.6556 -0.095495 0.1111 0.6836 -0.0538 0.8353 -0.5471 
-2.1848 31.1683 -0.932695 0.1775 0.6948 -0.0955 0.2793 -0.9554 
-5.1201 30.7862 -0.189195 0.1648 0.8311 -0.1592 0.2556 -0.9536 
-5.1201 30.7862 -0.189195 0.1648 0.8311 -0.1592 0.2556 -0.9536 
-4.9845 32.3509 0.538505 0.0856 0.811 -0.1357 0.8317 -0.5384 
-2.1848 32.6556 -0.095495 0.1111 0.6836 -0.0538 0.8353 -0.5471 
6.7776 32.008 0.937705 0.173 0.2729 0.0862 0.1092 -0.9903 
4.8885 31.5776 0.538605 0.1862 0.3635 0.1421 0.2108 -0.9671 
4.8885 32.8336 1.0499 0.1295 0.355 -0.124 0.6559 -0.7446 
2.9994 32.3263 0.847305 0.1332 0.4438 0.0897 0.7965 -0.598 
4.8885 32.8336 1.0499 0.1295 0.355 -0.124 0.6559 -0.7446 
4.8885 31.5776 0.538605 0.1862 0.3635 0.1421 0.2108 -0.9671 
4.8885 32.8336 1.0499 0.1295 0.355 -0.124 0.6559 -0.7446 
2.9994 32.3263 0.847305 0.1332 0.4438 0.0897 0.7965 -0.598 
2.9994 32.5583 1.47231 0.1057 0.4387 -0.0681 0.9426 -0.3269 
2.9994 32.5583 1.47231 0.1057 0.4387 -0.0681 0.9426 -0.3269 
2.9994 32.3263 0.847305 0.1332 0.4438 0.0897 0.7965 -0.598 
1.5997 32.3476 0.405205 0.13 0.5127 0.1116 0.8693 -0.4815 
1.5997 32.3476 0.405205 0.13 0.5127 0.1116 0.8693 -0.4815 
1.5997 32.5967 1.47231 0.084 0.4993 0.0573 0.9779 -0.2009 
2.9994 32.5583 1.47231 0.1057 0.4387 -0.0681 0.9426 -0.3269 
1.5997 32.5967 1.47231 0.084 0.4993 0.0573 0.9779 -0.2009 
1.5997 32.3476 0.405205 0.13 0.5127 0.1116 0.8693 -0.4815 
-2.1848 32.6556 -0.095495 0.1111 0.6836 -0.0538 0.8353 -0.5471 
-2.1848 32.6556 -0.095495 0.1111 0.6836 -0.0538 0.8353 -0.5471 
-2.1848 32.6787 1.47231 0.0438 0.6748 -0.0433 0.9988 -0.0208 
1.5997 32.5967 1.47231 0.084 0.4993 0.0573 0.9779 -0.2009 
-2.1848 32.6787 1.47231 0.0438 0.6748 -0.0433 0.9988 -0.0208 
-2.1848 32.6556 -0.095495 0.1111 0.6836 -0.0538 0.8353 -0.5471 
-4.9845 32.3509 0.538505 0.0856 0.811 -0.1357 0.8317 -0.5384 
-4.9845 32.3509 0.538505 0.0856 0.811 -0.1357 0.8317 -0.5384 
-4.9678 32.4226 1.5185 0.046 0.8042 -0.0668 0.9952 -0.0717 
-2.1848 32.6787 1.47231 0.0438 0.6748 -0.0433 0.9988 -0.0208 
-4.9678 32.4226 1.5185 0.046 0.8042 -0.0668 0.9952 -0.0717 
-4.9845 32.3509 0.538505 0.0856 0.811 -0.1357 0.8317 -0.5384 
-5.8264 32.3208 0.596205 0.076 0.8501 0.7293 0.5301 -0.4326 
-5.8264 32.3208 0.596205 0.076 0.8501 0.7293 0.5301 -0.4326 
-4.9845 32.3509 0.538505 0.0856 0.811 -0.1357 0.8317 -0.5384 
-5.1201 30.7862 -0.189195 0.1648 0.8311 -0.1592 0.2556 -0.9536 
-5.1201 30.7862 -0.189195 0.1648 0.8311 -0.1592 0.2556 -0.9536 
-5.957 30.8118 -0.105595 0.1542 0.8691 0.6326 0.1705 -0.7555 
-5.8264 32.3208 0.596205 0.076 0.8501 0.7293 0.5301 -0.4326 
-5.9264 32.7384 0.316205 0.0662 0.8716 0.5263 0.6789 -0.5119 
-5.8264 32.3208 0.596205 0.076 0.8501 0.7293 0.5301 -0.4326 
-5.957 30.8118 -0.105595 0.1542 0.8691 0.6326 0.1705 -0.7555 
-5.957 30.8118 -0.105595 0.1542 0.8691 0.6326 0.1705 -0.7555 
-6.0619 30.9687 -0.591595 0.1458 0.8926 0.5518 0.1873 -0.8127 
-5.9264 32.7384 0.316205 0.0662 0.8716 0.5263 0.6789 -0.512 
-6.0619 30.9687 -0.591595 0.1458 0.8926 0.5518 0.1873 -0.8127 
-5.957 30.8118 -0.105595 0.1542 0.8691 0.6326 0.1705 -0.7555 
-6.1347 27.3731 -0.463496 0.3015 0.9014 0.6733 -0.5487 -0.4955 
-6.1347 27.3731 -0.463496 0.3015 0.9014 0.6733 -0.5487 -0.4955 
-6.2953 27.1464 -0.787696 0.2991 0.9092 0.3051 -0.6277 -0.7162 
-6.0619 30.9687 -0.591595 0.1458 0.8926 0.5518 0.1873 -0.8127 
-5.8264 32.3208 0.596205 0.076 0.8501 0.7293 0.5301 -0.4325 
-5.8105 32.3888 1.52661 0.0387 0.8354 0.6442 0.7619 -0.0667 
-4.9678 32.4226 1.5185 0.046 0.8042 -0.0668 0.9952 -0.0717 
-5.8915 32.9098 1.5198 0.0244 0.8511 0.6027 0.7879 -0.1261 
-5.8105 32.3888 1.52661 0.0387 0.8354 0.6442 0.7619 -0.0667 
-5.8264 32.3208 0.596205 0.076 0.8501 0.7293 0.5301 -0.4326 
-5.8264 32.3208 0.596205 0.076 0.8501 0.7293 0.5301 -0.4326 
-5.9264 32.7384 0.316205 0.0662 0.8716 0.5263 0.6789 -0.5119 
-5.8915 32.9098 1.5198 0.0244 0.8511 0.6027 0.7879 -0.1261 
-5.8915 32.9098 1.5198 0.0244 0.8511 0.6027 0.7879 -0.1261 
-5.9264 32.7384 0.316205 0.0662 0.8716 0.5263 0.6789 -0.512 
-6.4003 32.7079 0.346605 0.0591 0.8916 -0.0844 0.8067 -0.5849 
-6.4003 32.7079 0.346605 0.0591 0.8916 -0.0844 0.8067 -0.5849 
-5.9264 32.7384 0.316205 0.0662 0.8716 0.5263 0.679 -0.5119 
-6.0619 30.9687 -0.591595 0.1458 0.8926 0.5518 0.1873 -0.8127 
-6.0619 30.9687 -0.591595 0.1458 0.8926 0.5518 0.1873 -0.8127 
-6.5329 30.9802 -0.545295 0.1412 0.9141 -0.0881 0.2608 -0.9614 
-6.4003 32.7079 0.346605 0.0591 0.8916 -0.0844 0.8067 -0.5849 
-6.7596 27.241 -0.718996 0.2913 0.9268 -0.2304 -0.62 -0.75 
-6.5329 30.9802 -0.545295 0.1412 0.9141 -0.0881 0.2608 -0.9614 
-6.0619 30.9687 -0.591595 0.1458 0.8926 0.5518 0.1873 -0.8127 
-6.0619 30.9687 -0.591595 0.1458 0.8926 0.5518 0.1873 -0.8127 
-6.2953 27.1464 -0.787696 0.2991 0.9092 0.3052 -0.6277 -0.7162 
-6.7596 27.241 -0.718996 0.2913 0.9268 -0.2304 -0.62 -0.75 
-6.7596 27.241 -0.718996 0.2913 0.9268 -0.2304 -0.62 -0.75 
-6.2953 27.1464 -0.787696 0.2991 0.9092 0.3051 -0.6277 -0.7162 
-6.2533 26.921 1.5267 0.3625 0.9839 0.509 -0.855 -0.0995 
-6.1165 27.368 1.5255 0.3667 0.9634 0.9552 -0.2924 -0.0458 
-6.2533 26.921 1.5267 0.3625 0.9839 0.509 -0.855 -0.0995 
-6.2953 27.1464 -0.787696 0.2991 0.9092 0.9552 -0.2924 -0.0458 
-6.2533 26.921 1.5267 0.3625 0.9839 0.509 -0.855 -0.0995 
-6.7212 26.9952 1.5307 0.3506 1 -0.1566 -0.9821 -0.1046 
-6.7596 27.241 -0.718996 0.2913 0.9268 -0.2304 -0.62 -0.75 
-6.4003 32.7079 0.346605 0.0591 0.8916 -0.0844 0.8067 -0.5849 
-6.3661 32.8906 1.5241 0.0151 0.8706 -0.0413 0.9875 -0.152 
-5.8915 32.9098 1.5198 0.0244 0.8511 0.6027 0.7879 -0.1261 
11.4018 33.1609 1.22661 0.126 0.0583 0.141 0.0637 -0.988 
8.7578 32.5196 1.08221 0.1503 0.1805 0.0373 0.0612 -0.9974 
8.7578 34.6105 1.29151 0.063 0.1742 -0.1575 0.425 -0.8914 
8.7578 34.6105 1.29151 0.063 0.1742 -0.1575 0.425 -0.8914 
10.5091 35.3474 1.35551 0.0383 0.0927 -0.0099 0.1281 -0.9917 
11.4018 33.1609 1.22661 0.126 0.0583 0.141 0.0637 -0.988 
6.7776 33.6987 1.2275 0.1006 0.2661 -0.185 0.5119 -0.8389 
8.7578 34.6105 1.29151 0.063 0.1742 -0.1575 0.425 -0.8914 
8.7578 32.5196 1.08221 0.1503 0.1805 0.0373 0.0612 -0.9974 
8.7578 32.5196 1.08221 0.1503 0.1805 0.0373 0.0612 -0.9974 
6.7776 32.008 0.937705 0.173 0.2729 0.0862 0.1092 -0.9903 
6.7776 33.6987 1.2275 0.1006 0.2661 -0.185 0.5119 -0.8389 
8.7578 30.2622 1.0759 0.244 0.1862 0.0605 0.0031 -0.9982 
6.7776 32.008 0.937705 0.173 0.2729 0.0862 0.1092 -0.9903 
8.7578 32.5196 1.08221 0.1503 0.1805 0.0373 0.0612 -0.9974 
11.7943 30.2405 1.22131 0.2401 0.0475 0.1677 0.0068 -0.9858 
8.7578 30.2622 1.0759 0.244 0.1862 0.0605 0.0031 -0.9982 
8.7578 32.5196 1.08221 0.1503 0.1805 0.0373 0.0612 -0.9974 
8.7578 32.5196 1.08221 0.1503 0.1805 0.0373 0.0612 -0.9974 
11.4018 33.1609 1.22661 0.126 0.0583 0.141 0.0637 -0.988 
11.7943 30.2405 1.22131 0.2401 0.0475 0.1677 0.0068 -0.9858 
12.6869 30.3232 1.47231 0.239 0.00510001 0.2677 0.0112 -0.9634 
11.7943 30.2405 1.22131 0.2401 0.0475 0.1677 0.0068 -0.9858 
11.4018 33.1609 1.22661 0.126 0.0583 0.141 0.0637 -0.988 
11.4018 33.1609 1.22661 0.126 0.0583 0.141 0.0637 -0.988 
12.3057 33.58 1.47231 0.1117 0.0148 0.2084 0.0771 -0.975 
12.6869 30.3232 1.47231 0.239 0.00510001 0.2677 0.0112 -0.9634 
12.3057 33.58 1.47231 0.1117 0.0148 0.2084 0.0771 -0.975 
11.4018 33.1609 1.22661 0.126 0.0583 0.141 0.0637 -0.988 
10.5091 35.3474 1.35551 0.0383 0.0927 -0.0099 0.1281 -0.9917 
10.5091 35.3474 1.35551 0.0383 0.0927 -0.0099 0.1281 -0.9917 
11.1918 36.3779 1.47231 0.0002 0.0584 0.0362 0.0889 -0.9954 
12.3057 33.58 1.47231 0.1117 0.0148 0.2084 0.0771 -0.975 
8.7578 34.7841 1.47231 0.0531 0.1744 -0.2786 0.6585 -0.6991 
11.1918 36.3779 1.47231 0.0002 0.0584 0.0362 0.0889 -0.9954 
10.5091 35.3474 1.35551 0.0383 0.0927 -0.0099 0.1281 -0.9917 
11.7943 30.2405 1.22131 0.2401 0.0475 0.1677 0.0068 -0.9858 
12.6869 30.3232 1.47231 0.239 0.00510001 0.2677 0.0112 -0.9634 
12.5022 27.0882 1.4723 0.3635 0.0203 0.2492 -0.0449 -0.9674 
4.8885 32.8336 1.0499 0.1295 0.355 -0.124 0.6559 -0.7446 
6.7776 33.6987 1.2275 0.1006 0.2661 -0.185 0.5119 -0.8389 
6.7776 32.008 0.937705 0.173 0.2729 0.0862 0.1092 -0.9903 
10.5091 35.3474 1.35551 0.0383 0.0927 -0.0099 0.1281 -0.9917 
8.7578 34.6105 1.29151 0.063 0.1742 -0.1575 0.425 -0.8914 
8.7578 34.7841 1.47231 0.0531 0.1744 -0.2786 0.6585 -0.6991 
6.7776 33.8723 1.47231 0.0879 0.2666 -0.3392 0.7644 -0.5483 
8.7578 34.7841 1.47231 0.0531 0.1744 -0.2786 0.6585 -0.6991 
8.7578 34.6105 1.29151 0.063 0.1742 -0.1575 0.425 -0.8914 
8.7578 34.6105 1.29151 0.063 0.1742 -0.1575 0.425 -0.8914 
6.7776 33.6987 1.2275 0.1006 0.2661 -0.185 0.5119 -0.8389 
6.7776 33.8723 1.47231 0.0879 0.2666 -0.3392 0.7644 -0.5483 
4.8885 33.0216 1.47231 0.1103 0.3547 -0.2932 0.87 -0.3964 
6.7776 33.8723 1.47231 0.0879 0.2666 -0.3392 0.7644 -0.5483 
6.7776 33.6987 1.2275 0.1006 0.2661 -0.185 0.5119 -0.8389 
6.7776 33.6987 1.2275 0.1006 0.2661 -0.185 0.5119 -0.8389 
4.8885 32.8336 1.0499 0.1295 0.355 -0.124 0.6559 -0.7446 
4.8885 33.0216 1.47231 0.1103 0.3547 -0.2932 0.87 -0.3964 
2.9994 32.5583 1.47231 0.1057 0.4387 -0.0681 0.9426 -0.3269 
4.8885 33.0216 1.47231 0.1103 0.3547 -0.2932 0.87 -0.3964 
4.8885 32.8336 1.0499 0.1295 0.355 -0.124 0.6559 -0.7446 
11.1136 25.3689 1.2501 0.427 0.0875 0.3367 -0.0396 -0.9408 
11.1136 25.3689 1.6655 0.427 0.0875 1 0.0029 -0 
12.0917 24.8773 1.4723 0.4485 0.0431 0.2664 0.128 -0.9553 
11.1136 25.3689 1.6655 0.427 0.0875 1 0.0029 -0 
11.1136 25.3689 1.2501 0.427 0.0875 0.3366 -0.0396 -0.9408 
12.272 26.0198 1.4723 0.4048 0.0328 0.2718 -0.1598 -0.949 
12.5022 27.0882 1.4723 0.3635 0.0203 0.2492 -0.0449 -0.9674 
12.272 26.0198 1.4723 0.4048 0.0328 0.2718 -0.1598 -0.949 
11.1136 25.3689 1.2501 0.427 0.0875 0.3366 -0.0396 -0.9408 
11.1136 25.3689 1.2501 0.427 0.0875 0.3366 -0.0396 -0.9408 
11.5984 27.4593 1.2161 0.3477 0.0622 0.1587 -0.0285 -0.9869 
12.5022 27.0882 1.4723 0.3635 0.0203 0.2492 -0.0449 -0.9674 
12.5022 27.0882 1.4723 0.3635 0.0203 0.2492 -0.0449 -0.9674 
11.5984 27.4593 1.2161 0.3477 0.0622 0.1587 -0.0285 -0.9869 
11.7943 30.2405 1.22131 0.2401 0.0475 0.1677 0.0068 -0.9858 
11.7943 30.2405 1.22131 0.2401 0.0475 0.1677 0.0068 -0.9858 
11.5984 27.4593 1.2161 0.3477 0.0622 0.1587 -0.0285 -0.9869 
8.7578 28.0049 1.06971 0.3379 0.1906 0.0533 -0.0193 -0.9984 
8.7578 28.0049 1.06971 0.3379 0.1906 0.0533 -0.0193 -0.9984 
8.7578 30.2622 1.0759 0.244 0.1862 0.0605 0.0031 -0.9982 
11.7943 30.2405 1.22131 0.2401 0.0475 0.1677 0.0068 -0.9858 
6.7776 28.4351 0.923305 0.3245 0.281 0.1221 -0.0379 -0.9918 
8.7578 30.2622 1.0759 0.244 0.1862 0.0605 0.0031 -0.9982 
8.7578 28.0049 1.06971 0.3379 0.1906 0.0533 -0.0193 -0.9984 
6.7776 32.008 0.937705 0.173 0.2729 0.0862 0.1092 -0.9903 
8.7578 30.2622 1.0759 0.244 0.1862 0.0605 0.0031 -0.9982 
6.7776 28.4351 0.923305 0.3245 0.281 0.1221 -0.0379 -0.9918 
4.8885 31.5776 0.538605 0.1862 0.3635 0.1421 0.2108 -0.9671 
6.7776 32.008 0.937705 0.173 0.2729 0.0862 0.1092 -0.9903 
6.7776 28.4351 0.923305 0.3245 0.281 0.1221 -0.0379 -0.9918 
8.7578 28.0049 1.06971 0.3379 0.1906 0.0533 -0.0193 -0.9984 
11.5984 27.4593 1.2161 0.3477 0.0622 0.1587 -0.0285 -0.9869 
11.1136 25.3689 1.2501 0.427 0.0875 0.3366 -0.0396 -0.9408 
8.7578 25.0327 1.1679 0.4614 0.1953 -0.0982 -0.2295 -0.9683 
11.1136 25.3689 1.2501 0.427 0.0875 0.3366 -0.0396 -0.9408 
10.7257 23.7106 1.2773 0.4934 0.11 0.0024 -0.129 -0.9916 
11.1136 25.3689 1.2501 0.427 0.0875 0.3366 -0.0396 -0.9408 
8.7578 25.0327 1.1679 0.4614 0.1953 -0.0982 -0.2295 -0.9683 
8.7578 28.0049 1.06971 0.3379 0.1906 0.0533 -0.0193 -0.9984 
8.7578 28.0049 1.06971 0.3379 0.1906 0.0533 -0.0193 -0.9984 
8.7578 25.0327 1.1679 0.4614 0.1953 -0.0982 -0.2295 -0.9683 
6.7776 26.1772 1.0586 0.4202 0.2834 -0.1051 -0.3127 -0.944 
6.7776 26.1772 1.0586 0.4202 0.2834 -0.1051 -0.3127 -0.944 
6.7776 28.4351 0.923305 0.3245 0.281 0.1221 -0.0379 -0.9918 
8.7578 28.0049 1.06971 0.3379 0.1906 0.0533 -0.0193 -0.9984 
6.7776 28.4351 0.923305 0.3245 0.281 0.1221 -0.0379 -0.9918 
6.7776 26.1772 1.0586 0.4202 0.2834 -0.1051 -0.3127 -0.944 
4.8885 27.1814 0.761104 0.373 0.3694 -0.0348 -0.461 -0.8867 
4.8885 27.1814 0.761104 0.373 0.3694 -0.0348 -0.461 -0.8867 
4.8885 26.556 1.4723 0.4121 0.3694 -0.2524 -0.7065 -0.6612 
2.9994 27.0924 1.4723 0.4004 0.45 -0.0683 -0.8864 -0.4579 
4.8885 26.556 1.4723 0.4121 0.3694 -0.2524 -0.7065 -0.6612 
4.8885 27.1814 0.761104 0.373 0.3694 -0.0348 -0.461 -0.8867 
6.7776 26.1772 1.0586 0.4202 0.2834 -0.1051 -0.3127 -0.944 
6.7776 26.1772 1.0586 0.4202 0.2834 -0.1051 -0.3127 -0.944 
6.7776 25.537 1.4607 0.4512 0.2847 -0.2611 -0.5035 -0.8236 
4.8885 26.556 1.4723 0.4121 0.3694 -0.2524 -0.7065 -0.6612 
6.7776 25.537 1.4607 0.4512 0.2847 -0.2611 -0.5035 -0.8236 
6.7776 26.1772 1.0586 0.4202 0.2834 -0.1051 -0.3127 -0.944 
8.7578 25.0327 1.1679 0.4614 0.1953 -0.0982 -0.2295 -0.9683 
8.7578 25.0327 1.1679 0.4614 0.1953 -0.0982 -0.2295 -0.9683 
8.7578 24.406 1.4591 0.489 0.1973 -0.2237 -0.3915 -0.8926 
6.7776 25.537 1.4607 0.4512 0.2847 -0.2611 -0.5035 -0.8236 
8.7578 24.406 1.4591 0.489 0.1973 -0.2237 -0.3915 -0.8926 
8.7578 25.0327 1.1679 0.4614 0.1953 -0.0982 -0.2295 -0.9683 
10.7257 23.7106 1.2773 0.4934 0.11 0.0024 -0.129 -0.9916 
10.7257 23.7106 1.2773 0.4934 0.11 0.0024 -0.129 -0.9916 
11.1918 22.5064 1.4723 0.5425 0.0928 0.0257 -0.1501 -0.9883 
8.7578 24.406 1.4591 0.489 0.1973 -0.2237 -0.3915 -0.8926 
10.7257 23.7106 1.2773 0.4934 0.11 0.0024 -0.129 -0.9916 
11.7632 23.1086 1.4723 0.5166 0.0614 0.1425 -0.074 -0.987 
11.1918 22.5064 1.4723 0.5425 0.0928 0.0257 -0.1501 -0.9883 
12.0917 24.8773 1.4723 0.4485 0.0431 0.2665 0.128 -0.9553 
11.7632 23.1086 1.4723 0.5166 0.0614 0.1425 -0.074 -0.987 
10.7257 23.7106 1.2773 0.4934 0.11 0.0024 -0.129 -0.9916 
10.7257 23.7106 1.2773 0.4934 0.11 0.0024 -0.129 -0.9916 
11.1136 25.3689 1.2501 0.427 0.0875 0.3366 -0.0396 -0.9408 
12.0917 24.8773 1.4723 0.4485 0.0431 0.2665 0.128 -0.9553 
11.1136 25.3689 1.6655 0.427 0.0875 0.0978 -0.0353 0.9946 
8.7578 25.0216 1.7508 0.4609 0.1952 -0.0989 -0.233 0.9674 
10.7257 23.6971 1.6381 0.4934 0.11 -0.01 -0.1205 0.9927 
11.7632 23.1086 1.4723 0.5166 0.0614 0.1253 -0.0706 0.9896 
12.0917 24.8773 1.4723 0.4485 0.0431 0.1777 -0.033 0.9835 
11.1136 25.3689 1.6655 0.427 0.0875 0.0978 -0.0353 0.9946 
11.1136 25.3689 1.6655 0.427 0.0875 0.0978 -0.0353 0.9946 
10.7257 23.6971 1.6381 0.4934 0.11 -0.01 -0.1205 0.9927 
11.7632 23.1086 1.4723 0.5166 0.0614 0.1253 -0.0706 0.9896 
11.7632 23.1086 1.4723 0.5166 0.0614 0.1253 -0.0706 0.9896 
10.7257 23.6971 1.6381 0.4934 0.11 -0.01 -0.1205 0.9927 
11.1918 22.5064 1.4723 0.5425 0.0928 0.0176 -0.1311 0.9912 
8.7578 24.406 1.4591 0.489 0.1973 -0.2259 -0.3956 0.8902 
11.1918 22.5064 1.4723 0.5425 0.0928 0.0176 -0.1311 0.9912 
10.7257 23.6971 1.6381 0.4934 0.11 -0.01 -0.1205 0.9927 
10.7257 23.6971 1.6381 0.4934 0.11 -0.01 -0.1205 0.9927 
8.7578 25.0216 1.7508 0.4609 0.1952 -0.0989 -0.233 0.9674 
8.7578 24.406 1.4591 0.489 0.1973 -0.2259 -0.3956 0.8902 
6.7776 25.537 1.4607 0.4512 0.2847 -0.2603 -0.5096 0.8201 
8.7578 24.406 1.4591 0.489 0.1973 -0.2259 -0.3956 0.8902 
8.7578 25.0216 1.7508 0.4609 0.1952 -0.0989 -0.233 0.9674 
11.1136 25.3689 1.6655 0.427 0.0875 0.0978 -0.0353 0.9946 
12.272 26.0198 1.4723 0.4048 0.0328 0.1863 -0.0401 0.9817 
12.5022 27.0882 1.4723 0.3638 0.0203 0.2224 -0.0408 0.9741 
1.5997 28.7774 3.80201 0.2957 0.5381 0.3356 -0.18 0.9247 
1.5997 27.7166 3.23021 0.3452 0.5352 0.4055 -0.5701 0.7145 
2.9994 27.6418 2.48231 0.353 0.4585 0.2081 -0.6268 0.7509 
2.9994 27.0924 1.4723 0.4004 0.45 -0.0662 -0.8902 0.4508 
2.9994 27.6418 2.48231 0.353 0.4585 0.2081 -0.6268 0.7509 
1.5997 27.7166 3.23021 0.3452 0.5352 0.4055 -0.5701 0.7145 
4.8885 27.1735 2.1729 0.3733 0.3689 -0.0303 -0.4619 0.8864 
2.9994 27.6418 2.48231 0.353 0.4585 0.2081 -0.6268 0.7509 
2.9994 27.0924 1.4723 0.4004 0.45 -0.0662 -0.8902 0.4508 
2.9994 27.0924 1.4723 0.4004 0.45 -0.0662 -0.8902 0.4508 
4.8885 26.556 1.4723 0.4121 0.3694 -0.2499 -0.707 0.6616 
4.8885 27.1735 2.1729 0.3733 0.3689 -0.0303 -0.4619 0.8864 
6.7776 26.1684 1.8635 0.4199 0.283 -0.1021 -0.3157 0.9434 
4.8885 27.1735 2.1729 0.3733 0.3689 -0.0303 -0.4619 0.8864 
4.8885 26.556 1.4723 0.4121 0.3694 -0.2499 -0.707 0.6616 
4.8885 26.556 1.4723 0.4121 0.3694 -0.2499 -0.707 0.6616 
6.7776 25.537 1.4607 0.4512 0.2847 -0.2603 -0.5096 0.8201 
6.7776 26.1684 1.8635 0.4199 0.283 -0.1021 -0.3157 0.9433 
8.7578 25.0216 1.7508 0.4609 0.1952 -0.0989 -0.233 0.9674 
6.7776 26.1684 1.8635 0.4199 0.283 -0.1021 -0.3157 0.9434 
6.7776 25.537 1.4607 0.4512 0.2847 -0.2603 -0.5096 0.8201 
6.7776 26.1684 1.8635 0.4199 0.283 -0.1021 -0.3157 0.9434 
8.7578 25.0216 1.7508 0.4609 0.1952 -0.0989 -0.233 0.9674 
8.7578 27.9901 1.8497 0.3376 0.1904 0.0548 -0.0196 0.9983 
8.7578 27.9901 1.8497 0.3376 0.1904 0.0548 -0.0196 0.9983 
8.7578 25.0216 1.7508 0.4609 0.1952 -0.0989 -0.233 0.9674 
11.1136 25.3689 1.6655 0.427 0.0875 0.0978 -0.0353 0.9946 
11.1136 25.3689 1.6655 0.427 0.0875 0.0978 -0.0353 0.9946 
11.5984 27.4412 1.69971 0.3477 0.0619 0.1449 -0.027 0.9891 
8.7578 27.9901 1.8497 0.3376 0.1904 0.0548 -0.0196 0.9983 
1.5997 27.7166 3.23021 0.3452 0.5352 0.4055 -0.5701 0.7145 
1.5997 27.2174 1.4723 0.4158 0.5015 0.4734 -0.8426 0.2569 
2.9994 27.0924 1.4723 0.4004 0.45 -0.0662 -0.8902 0.4508 
-0.2626 24.5827 2.6435 0.469 0.6426 0.6304 -0.4653 0.6214 
0.1219 24.5827 1.4723 0.501 0.5977 0.8385 -0.4703 0.2753 
1.5997 27.2174 1.4723 0.4158 0.5015 0.4734 -0.8426 0.2569 
1.5997 27.2174 1.4723 0.4158 0.5015 0.4734 -0.8426 0.2569 
1.5997 27.7166 3.23021 0.3452 0.5352 0.4055 -0.5701 0.7145 
-0.2626 24.5827 2.6435 0.469 0.6426 0.6304 -0.4653 0.6214 
-2.1848 24.5827 3.5063 0.4485 0.7319 -0.0545 -0.2444 0.9681 
-0.2626 24.5827 2.6435 0.469 0.6426 0.6304 -0.4653 0.6214 
1.5997 27.7166 3.23021 0.3452 0.5352 0.4055 -0.5701 0.7145 
-2.1848 27.2201 4.0273 0.3389 0.7192 -0.0204 -0.1371 0.9903 
-2.1848 24.5827 3.5063 0.4485 0.7319 -0.0545 -0.2444 0.9681 
1.5997 27.7166 3.23021 0.3452 0.5352 0.4055 -0.5701 0.7145 
-4.0489 24.5827 2.6742 0.4468 0.8208 -0.6691 -0.3707 0.6441 
-2.1848 24.5827 3.5063 0.4485 0.7319 -0.0545 -0.2444 0.9681 
-2.1848 27.2201 4.0273 0.3389 0.7192 -0.0204 -0.1371 0.9903 
-2.1848 27.2201 4.0273 0.3389 0.7192 -0.0204 -0.1371 0.9903 
-5.2659 27.2201 3.64421 0.3201 0.8652 -0.3693 -0.4316 0.823 
-4.0489 24.5827 2.6742 0.4468 0.8208 -0.6691 -0.3707 0.6441 
-4.0489 24.5827 2.6742 0.4468 0.8208 -0.6691 -0.3707 0.6441 
-5.2659 27.2201 3.64421 0.3201 0.8652 -0.3693 -0.4316 0.823 
-5.2849 27.2201 1.5185 0.3838 0.937 -0.6217 -0.7818 0.0469 
-5.2849 27.2201 1.5185 0.3838 0.937 -0.6217 -0.7818 0.0469 
-4.4368 24.5827 1.4723 0.4744 0.8643 -0.9086 -0.2973 0.2932 
-4.0489 24.5827 2.6742 0.4468 0.8208 -0.6691 -0.3707 0.6441 
-2.1848 27.2201 4.0273 0.3389 0.7192 -0.0204 -0.1371 0.9904 
1.5997 27.7166 3.23021 0.3452 0.5352 0.4055 -0.5701 0.7145 
1.5997 28.7774 3.80201 0.2957 0.5381 0.3356 -0.18 0.9247 
-2.1848 27.2201 4.0273 0.3389 0.7192 -0.0204 -0.1371 0.9903 
1.5997 28.7774 3.80201 0.2957 0.5381 0.3356 -0.18 0.9247 
1.5997 31.3552 3.81111 0.191 0.5278 0.2663 0.3801 0.8858 
-5.0888 30.7774 3.2831 0.1648 0.8311 -0.1534 0.2722 0.9499 
-5.2659 27.2201 3.64421 0.3201 0.8652 -0.3693 -0.4316 0.823 
-2.1848 27.2201 4.0273 0.3389 0.7192 -0.0204 -0.1371 0.9904 
-6.0984 27.3628 3.56361 0.3015 0.9014 0.696 -0.5013 0.5142 
-5.2659 27.2201 3.64421 0.3201 0.8652 -0.3693 -0.4316 0.823 
-5.0888 30.7774 3.2831 0.1648 0.8311 -0.1534 0.2722 0.9499 
-5.2849 27.2201 1.5185 0.3838 0.937 -0.6217 -0.7818 0.0469 
-5.2659 27.2201 3.64421 0.3201 0.8652 -0.3693 -0.4316 0.823 
-6.0984 27.3628 3.56361 0.3015 0.9014 0.696 -0.5012 0.5142 
-6.0984 27.3628 3.56361 0.3015 0.9014 0.696 -0.5012 0.5142 
-6.1165 27.368 1.5255 0.3669 0.9644 0.5213 -0.8533 -0.0062 
-5.2849 27.2201 1.5185 0.3838 0.937 -0.6217 -0.7818 0.0469 
-6.2533 26.921 1.5267 0.3625 0.9839 0.503 -0.8619 0.0639 
-6.1165 27.368 1.5255 0.3669 0.9644 0.5213 -0.8533 -0.0068 
-6.0984 27.3628 3.56361 0.3015 0.9014 0.696 -0.5012 0.5142 
-6.0984 27.3628 3.56361 0.3015 0.9014 0.696 -0.5012 0.5142 
-6.2531 27.1349 3.8883 0.2991 0.9092 0.3718 -0.6201 0.6908 
-6.2533 26.921 1.5267 0.3625 0.9839 0.503 -0.8619 0.0639 
-6.2533 26.921 1.5267 0.3625 0.9839 0.503 -0.8619 0.0639 
-6.2531 27.1349 3.8883 0.2991 0.9092 0.3718 -0.6201 0.6908 
-6.7186 27.2299 3.82761 0.2913 0.9268 -0.2184 -0.6235 0.7507 
-6.7186 27.2299 3.82761 0.2913 0.9268 -0.2184 -0.6235 0.7507 
-6.2531 27.1349 3.8883 0.2991 0.9092 0.3718 -0.6201 0.6908 
-6.0227 30.9737 3.6957 0.1458 0.8926 0.5622 0.1973 0.8031 
-6.0227 30.9737 3.6957 0.1458 0.8926 0.5622 0.1973 0.8031 
-6.4946 30.9839 3.6571 0.1412 0.9141 -0.0722 0.2806 0.9571 
-6.7186 27.2299 3.82761 0.2913 0.9268 -0.2184 -0.6235 0.7507 
-6.3749 32.7498 2.6427 0.0591 0.8916 -0.0727 0.8281 0.5559 
-6.4946 30.9839 3.6571 0.1412 0.9141 -0.0722 0.2806 0.9571 
-6.0227 30.9737 3.6957 0.1458 0.8926 0.5622 0.1973 0.8031 
-6.7186 27.2299 3.82761 0.2913 0.9268 -0.2184 -0.6235 0.7507 
-6.7212 26.9952 1.5307 0.3506 1 -0.155 -0.9828 0.1006 
-6.2533 26.921 1.5267 0.3625 0.9839 0.503 -0.8619 0.0639 
1.5997 32.3794 2.60191 0.13 0.5127 0.1268 0.8734 0.4702 
-2.1848 32.6868 3.15821 0.1114 0.6841 -0.0509 0.8369 0.545 
-2.1848 31.1572 3.99651 0.1775 0.6948 -0.086 0.2719 0.9585 
-5.0888 30.7774 3.2831 0.1648 0.8311 -0.1534 0.2722 0.9499 
-2.1848 31.1572 3.99651 0.1775 0.6948 -0.086 0.2719 0.9585 
-2.1848 32.6868 3.15821 0.1114 0.6841 -0.0509 0.8369 0.545 
-2.1848 32.6868 3.15821 0.1114 0.6841 -0.0509 0.8369 0.545 
-4.9635 32.3828 2.43581 0.0856 0.811 -0.1361 0.8557 0.4992 
-5.0888 30.7774 3.2831 0.1648 0.8311 -0.1534 0.2722 0.9499 
-5.0888 30.7774 3.2831 0.1648 0.8311 -0.1534 0.2722 0.9499 
-4.9635 32.3828 2.43581 0.0856 0.811 -0.1361 0.8557 0.4992 
-5.8065 32.3511 2.39541 0.076 0.8501 0.7357 0.5608 0.3798 
-5.8065 32.3511 2.39541 0.076 0.8501 0.7357 0.5608 0.3798 
-5.9273 30.8009 3.21351 0.1542 0.8691 0.6503 0.1727 0.7398 
-5.0888 30.7774 3.2831 0.1648 0.8311 -0.1534 0.2722 0.9499 
-6.0227 30.9737 3.6957 0.1458 0.8926 0.5622 0.1973 0.8031 
-5.9273 30.8009 3.21351 0.1542 0.8691 0.6503 0.1727 0.7398 
-5.8065 32.3511 2.39541 0.076 0.8501 0.7357 0.5608 0.3798 
-5.9273 30.8009 3.21351 0.1542 0.8691 0.6503 0.1727 0.7398 
-6.0227 30.9737 3.6957 0.1458 0.8926 0.5622 0.1973 0.8031 
-6.2531 27.1349 3.8883 0.2991 0.9092 0.3718 -0.6201 0.6908 
-6.2531 27.1349 3.8883 0.2991 0.9092 0.3718 -0.6201 0.6908 
-6.0984 27.3628 3.56361 0.3015 0.9014 0.696 -0.5012 0.5142 
-5.9273 30.8009 3.21351 0.1542 0.8691 0.6503 0.1727 0.7398 
-5.0888 30.7774 3.2831 0.1648 0.8311 -0.1534 0.2722 0.9499 
-5.9273 30.8009 3.21351 0.1542 0.8691 0.6503 0.1727 0.7398 
-6.0984 27.3628 3.56361 0.3015 0.9014 0.696 -0.5012 0.5142 
-5.8065 32.3511 2.39541 0.076 0.8501 0.7357 0.5608 0.3798 
-5.9003 32.7804 2.6634 0.0662 0.8716 0.5389 0.6987 0.4705 
-6.0227 30.9737 3.6957 0.1458 0.8926 0.5622 0.1973 0.8031 
-6.0227 30.9737 3.6957 0.1458 0.8926 0.5622 0.1973 0.8031 
-5.9003 32.7804 2.6634 0.0662 0.8716 0.5389 0.6987 0.4705 
-6.3749 32.7498 2.6427 0.0591 0.8916 -0.0727 0.828 0.5559 
-6.3749 32.7498 2.6427 0.0591 0.8916 -0.0727 0.828 0.5559 
-5.9003 32.7804 2.6634 0.0662 0.8716 0.5389 0.6987 0.4705 
-5.8915 32.9098 1.5198 0.0244 0.8511 0.6079 0.7877 0.1003 
-5.8105 32.3888 1.52661 0.0387 0.8354 0.6402 0.7671 0.0422 
-5.8915 32.9098 1.5198 0.0244 0.8511 0.6079 0.7877 0.1003 
-5.9003 32.7804 2.6634 0.0662 0.8716 0.5389 0.6987 0.4705 
-5.9003 32.7804 2.6634 0.0662 0.8716 0.5389 0.6987 0.4705 
-5.8065 32.3511 2.39541 0.076 0.8501 0.7357 0.5608 0.3798 
-5.8105 32.3888 1.52661 0.0387 0.8354 0.6402 0.7671 0.0423 
-4.9678 32.4226 1.5185 0.0461 0.8047 -0.0654 0.9969 0.0436 
-5.8105 32.3888 1.52661 0.0387 0.8354 0.6402 0.7671 0.0422 
-5.8065 32.3511 2.39541 0.076 0.8501 0.7357 0.5608 0.3798 
-5.8065 32.3511 2.39541 0.076 0.8501 0.7357 0.5608 0.3798 
-4.9635 32.3828 2.43581 0.0856 0.811 -0.1361 0.8557 0.4992 
-4.9678 32.4226 1.5185 0.0461 0.8047 -0.0654 0.9969 0.0436 
-2.1848 32.6787 1.47231 0.0438 0.6748 -0.041 0.9992 0.0001 
-4.9678 32.4226 1.5185 0.0461 0.8047 -0.0654 0.9969 0.0436 
-4.9635 32.3828 2.43581 0.0856 0.811 -0.1361 0.8557 0.4992 
-4.9635 32.3828 2.43581 0.0856 0.811 -0.1361 0.8557 0.4992 
-2.1848 32.6868 3.15821 0.1114 0.6841 -0.0509 0.8369 0.545 
-2.1848 32.6787 1.47231 0.0438 0.6748 -0.041 0.9992 0.0001 
1.5997 32.5967 1.47231 0.084 0.4993 0.056 0.985 0.1632 
-2.1848 32.6787 1.47231 0.0438 0.6748 -0.041 0.9992 0.0001 
-2.1848 32.6868 3.15821 0.1114 0.6841 -0.0509 0.8369 0.545 
-2.1848 32.6868 3.15821 0.1114 0.6841 -0.0509 0.8369 0.545 
1.5997 32.3794 2.60191 0.13 0.5127 0.1268 0.8734 0.4702 
1.5997 32.5967 1.47231 0.084 0.4993 0.056 0.985 0.1632 
2.9994 32.5583 1.47231 0.1057 0.4387 -0.063 0.9532 0.2956 
1.5997 32.5967 1.47231 0.084 0.4993 0.056 0.985 0.1632 
1.5997 32.3794 2.60191 0.13 0.5127 0.1268 0.8734 0.4702 
-5.8915 32.9098 1.5198 0.0244 0.8511 0.6079 0.7877 0.1003 
-6.3661 32.8906 1.5241 0.0151 0.8706 -0.039 0.9915 0.1245 
-6.3749 32.7498 2.6427 0.0591 0.8916 -0.0727 0.828 0.5559 
6.7776 33.8723 1.47231 0.0884 0.2661 -0.3284 0.7436 0.5824 
6.7776 33.6987 1.6967 0.1003 0.2659 -0.1764 0.4975 0.8494 
8.7578 34.6105 1.62881 0.0629 0.1738 -0.1432 0.3958 0.9071 
6.7776 33.6987 1.6967 0.1003 0.2659 -0.1764 0.4975 0.8494 
6.7776 33.8723 1.47231 0.0884 0.2661 -0.3284 0.7436 0.5824 
4.8885 33.0216 1.47231 0.1106 0.354 -0.2908 0.868 0.4026 
4.8885 33.0216 1.47231 0.1106 0.354 -0.2908 0.868 0.4026 
4.8885 32.8336 1.88811 0.1294 0.3547 -0.1191 0.655 0.7462 
6.7776 33.6987 1.6967 0.1003 0.2659 -0.1763 0.4975 0.8494 
4.8885 32.8336 1.88811 0.1294 0.3547 -0.1191 0.655 0.7462 
4.8885 33.0216 1.47231 0.1106 0.354 -0.2908 0.868 0.4026 
2.9994 32.5583 1.47231 0.1057 0.4387 -0.063 0.9532 0.2956 
2.9994 32.5583 1.47231 0.1057 0.4387 -0.063 0.9532 0.2956 
2.9994 32.3559 2.07941 0.1332 0.4438 0.1005 0.8094 0.5786 
4.8885 32.8336 1.88811 0.1294 0.3547 -0.1191 0.655 0.7462 
1.5997 32.3794 2.60191 0.13 0.5127 0.1268 0.8734 0.4702 
2.9994 32.3559 2.07941 0.1332 0.4438 0.1005 0.8094 0.5786 
2.9994 32.5583 1.47231 0.1057 0.4387 -0.063 0.9532 0.2956 
2.9994 32.3559 2.07941 0.1332 0.4438 0.1005 0.8094 0.5786 
1.5997 32.3794 2.60191 0.13 0.5127 0.1268 0.8734 0.4702 
1.5997 31.3552 3.81111 0.191 0.5278 0.2663 0.3801 0.8858 
-2.1848 31.1572 3.99651 0.1775 0.6948 -0.086 0.2719 0.9585 
1.5997 31.3552 3.81111 0.191 0.5278 0.2663 0.3801 0.8858 
1.5997 32.3794 2.60191 0.13 0.5127 0.1268 0.8734 0.4702 
1.5997 31.3552 3.81111 0.191 0.5278 0.2663 0.3801 0.8858 
-2.1848 31.1572 3.99651 0.1775 0.6948 -0.086 0.2719 0.9585 
-2.1848 27.2201 4.0273 0.3389 0.7192 -0.0204 -0.1371 0.9904 
-2.1848 27.2201 4.0273 0.3389 0.7192 -0.0204 -0.1371 0.9903 
-2.1848 31.1572 3.99651 0.1775 0.6948 -0.086 0.2719 0.9585 
-5.0888 30.7774 3.2831 0.1648 0.8311 -0.1534 0.2722 0.9499 
2.9994 31.3754 2.8116 0.1875 0.4529 0.3849 0.2976 0.8737 
1.5997 31.3552 3.81111 0.191 0.5278 0.2663 0.3801 0.8858 
1.5997 28.7774 3.80201 0.2957 0.5381 0.3356 -0.18 0.9247 
1.5997 31.3552 3.81111 0.191 0.5278 0.2663 0.3801 0.8858 
2.9994 31.3754 2.8116 0.1875 0.4529 0.3849 0.2976 0.8737 
2.9994 32.3559 2.07941 0.1332 0.4438 0.1005 0.8094 0.5786 
2.9994 32.3559 2.07941 0.1332 0.4438 0.1005 0.8094 0.5786 
2.9994 31.3754 2.8116 0.1875 0.4529 0.3849 0.2976 0.8737 
4.8885 31.5892 2.3988 0.1852 0.3633 0.1477 0.2131 0.9658 
4.8885 31.5892 2.3988 0.1852 0.3633 0.1477 0.2131 0.9658 
4.8885 32.8336 1.88811 0.1294 0.3547 -0.1191 0.655 0.7462 
2.9994 32.3559 2.07941 0.1332 0.4438 0.1005 0.8094 0.5786 
4.8885 32.8336 1.88811 0.1294 0.3547 -0.1191 0.655 0.7462 
4.8885 31.5892 2.3988 0.1852 0.3633 0.1477 0.2131 0.9658 
6.7776 32.008 1.98591 0.1725 0.2727 0.0907 0.1087 0.9899 
6.7776 32.008 1.98591 0.1725 0.2727 0.0907 0.1087 0.9899 
6.7776 33.6987 1.6967 0.1003 0.2659 -0.1764 0.4975 0.8494 
4.8885 32.8336 1.88811 0.1294 0.3547 -0.1191 0.655 0.7462 
6.7776 33.6987 1.6967 0.1003 0.2659 -0.1764 0.4975 0.8494 
6.7776 32.008 1.98591 0.1725 0.2727 0.0907 0.1087 0.9899 
8.7578 32.5417 1.83771 0.149 0.1803 0.0387 0.0618 0.9973 
8.7578 32.5417 1.83771 0.149 0.1803 0.0387 0.0618 0.9973 
8.7578 34.6105 1.62881 0.0629 0.1738 -0.1432 0.3958 0.9071 
6.7776 33.6987 1.6967 0.1003 0.2659 -0.1764 0.4975 0.8493 
8.7578 34.6105 1.62881 0.0629 0.1738 -0.1432 0.3958 0.9071 
8.7578 32.5417 1.83771 0.149 0.1803 0.0387 0.0618 0.9973 
11.4018 33.1609 1.6895 0.1257 0.0581 0.1274 0.0603 0.99 
11.4018 33.1609 1.6895 0.1257 0.0581 0.1274 0.0603 0.99 
10.5091 35.3474 1.56091 0.0382 0.0925 -0.0059 0.1047 0.9945 
8.7578 34.6105 1.62881 0.0629 0.1738 -0.1432 0.3958 0.9071 
6.7776 28.4234 1.9997 0.3242 0.2808 0.126 -0.0383 0.9913 
6.7776 32.008 1.98591 0.1725 0.2727 0.0907 0.1087 0.9899 
4.8885 31.5892 2.3988 0.1852 0.3633 0.1477 0.2131 0.9658 
4.8885 31.5892 2.3988 0.1852 0.3633 0.1477 0.2131 0.9658 
4.8885 28.7115 2.4102 0.3074 0.3699 0.1909 -0.083 0.9781 
6.7776 28.4234 1.9997 0.3242 0.2808 0.126 -0.0383 0.9913 
4.8885 28.7115 2.4102 0.3074 0.3699 0.1909 -0.083 0.9781 
4.8885 31.5892 2.3988 0.1852 0.3633 0.1477 0.2131 0.9658 
2.9994 31.3754 2.8116 0.1875 0.4529 0.3849 0.2976 0.8737 
2.9994 31.3754 2.8116 0.1875 0.4529 0.3849 0.2976 0.8737 
2.9994 28.8152 2.82061 0.2998 0.4595 0.4028 -0.1254 0.9067 
4.8885 28.7115 2.4102 0.3074 0.3699 0.1909 -0.083 0.9781 
6.7776 32.008 1.98591 0.1725 0.2727 0.0907 0.1087 0.9899 
8.7578 30.2659 1.84371 0.2433 0.1858 0.062 0.0029 0.9981 
8.7578 32.5417 1.83771 0.149 0.1803 0.0387 0.0618 0.9973 
6.7776 28.4234 1.9997 0.3242 0.2808 0.126 -0.0383 0.9913 
8.7578 30.2659 1.84371 0.2433 0.1858 0.062 0.0029 0.9981 
6.7776 32.008 1.98591 0.1725 0.2727 0.0907 0.1087 0.9899 
8.7578 30.2659 1.84371 0.2433 0.1858 0.062 0.0029 0.9981 
6.7776 28.4234 1.9997 0.3242 0.2808 0.126 -0.0383 0.9913 
8.7578 27.9901 1.8497 0.3376 0.1904 0.0548 -0.0196 0.9983 
8.7578 27.9901 1.8497 0.3376 0.1904 0.0548 -0.0196 0.9983 
6.7776 28.4234 1.9997 0.3242 0.2808 0.126 -0.0383 0.9913 
6.7776 26.1684 1.8635 0.4199 0.283 -0.1021 -0.3157 0.9434 
4.8885 27.1735 2.1729 0.3733 0.3689 -0.0303 -0.4619 0.8864 
6.7776 26.1684 1.8635 0.4199 0.283 -0.1021 -0.3157 0.9434 
6.7776 28.4234 1.9997 0.3242 0.2808 0.126 -0.0383 0.9913 
6.7776 28.4234 1.9997 0.3242 0.2808 0.126 -0.0383 0.9913 
4.8885 28.7115 2.4102 0.3074 0.3699 0.1909 -0.083 0.9781 
4.8885 27.1735 2.1729 0.3733 0.3689 -0.0303 -0.4619 0.8864 
2.9994 27.6418 2.48231 0.353 0.4585 0.2081 -0.6268 0.7509 
4.8885 27.1735 2.1729 0.3733 0.3689 -0.0303 -0.4619 0.8864 
4.8885 28.7115 2.4102 0.3074 0.3699 0.1909 -0.083 0.9781 
4.8885 28.7115 2.4102 0.3074 0.3699 0.1909 -0.083 0.9781 
2.9994 28.8152 2.82061 0.2998 0.4595 0.4028 -0.1254 0.9067 
2.9994 27.6418 2.48231 0.353 0.4585 0.2081 -0.6268 0.7509 
2.9994 27.6418 2.48231 0.353 0.4585 0.2081 -0.6268 0.7509 
2.9994 28.8152 2.82061 0.2998 0.4595 0.4028 -0.1254 0.9067 
1.5997 28.7774 3.80201 0.2957 0.5381 0.3356 -0.18 0.9247 
1.5997 28.7774 3.80201 0.2957 0.5381 0.3356 -0.18 0.9246 
2.9994 28.8152 2.82061 0.2998 0.4595 0.4028 -0.1254 0.9067 
2.9994 31.3754 2.8116 0.1875 0.4529 0.3849 0.2976 0.8737 
11.7943 30.2314 1.6946 0.2402 0.0473 0.1526 0.0061 0.9883 
11.4018 33.1609 1.6895 0.1257 0.0581 0.1274 0.0603 0.99 
8.7578 32.5417 1.83771 0.149 0.1803 0.0387 0.0618 0.9973 
8.7578 32.5417 1.83771 0.149 0.1803 0.0387 0.0618 0.9973 
8.7578 30.2659 1.84371 0.2433 0.1858 0.062 0.0029 0.9981 
11.7943 30.2314 1.6946 0.2402 0.0473 0.1526 0.0061 0.9883 
11.7943 30.2314 1.6946 0.2402 0.0473 0.1526 0.0061 0.9883 
8.7578 30.2659 1.84371 0.2433 0.1858 0.062 0.0029 0.9981 
8.7578 27.9901 1.8497 0.3376 0.1904 0.0548 -0.0196 0.9983 
8.7578 27.9901 1.8497 0.3376 0.1904 0.0548 -0.0196 0.9983 
11.5984 27.4412 1.69971 0.3477 0.0619 0.1449 -0.027 0.9891 
11.7943 30.2314 1.6946 0.2402 0.0473 0.1526 0.0061 0.9883 
12.5022 27.0882 1.4723 0.3638 0.0203 0.2224 -0.0408 0.9741 
11.5984 27.4412 1.69971 0.3477 0.0619 0.1449 -0.027 0.9891 
11.1136 25.3689 1.6655 0.427 0.0875 0.0978 -0.0353 0.9946 
11.7943 30.2314 1.6946 0.2402 0.0473 0.1526 0.0061 0.9883 
11.5984 27.4412 1.69971 0.3477 0.0619 0.1449 -0.027 0.9891 
12.5022 27.0882 1.4723 0.3638 0.0203 0.2224 -0.0408 0.9741 
12.5022 27.0882 1.4723 0.3638 0.0203 0.2224 -0.0408 0.9741 
12.6869 30.3232 1.47231 0.2389 0.00520003 0.2389 0.0102 0.971 
11.7943 30.2314 1.6946 0.2402 0.0473 0.1526 0.0061 0.9883 
11.4018 33.1609 1.6895 0.1257 0.0581 0.1274 0.0603 0.99 
11.7943 30.2314 1.6946 0.2402 0.0473 0.1526 0.0061 0.9883 
12.6869 30.3232 1.47231 0.2389 0.00520003 0.2389 0.0102 0.971 
12.6869 30.3232 1.47231 0.2389 0.00520003 0.2389 0.0102 0.971 
12.3057 33.58 1.47231 0.1116 0.015 0.1824 0.0702 0.9807 
11.4018 33.1609 1.6895 0.1257 0.0581 0.1274 0.0603 0.99 
10.5091 35.3474 1.56091 0.0382 0.0925 -0.0059 0.1047 0.9945 
11.4018 33.1609 1.6895 0.1257 0.0581 0.1274 0.0603 0.99 
12.3057 33.58 1.47231 0.1116 0.015 0.1824 0.0702 0.9807 
12.3057 33.58 1.47231 0.1116 0.015 0.1824 0.0702 0.9807 
11.1918 36.3779 1.47231 0.0002 0.0584 0.0275 0.0675 0.9973 
10.5091 35.3474 1.56091 0.0382 0.0925 -0.0059 0.1047 0.9945 
10.5091 35.3474 1.56091 0.0382 0.0925 -0.0059 0.1047 0.9945 
11.1918 36.3779 1.47231 0.0002 0.0584 0.0275 0.0675 0.9973 
8.7578 34.7841 1.47231 0.0536 0.174 -0.2553 0.6125 0.7481 
8.7578 34.7841 1.47231 0.0536 0.174 -0.2553 0.6125 0.7481 
8.7578 34.6105 1.62881 0.0629 0.1738 -0.1432 0.3958 0.9071 
10.5091 35.3474 1.56091 0.0382 0.0925 -0.0059 0.1047 0.9945 
8.7578 34.6105 1.62881 0.0629 0.1738 -0.1432 0.3958 0.9071 
8.7578 34.7841 1.47231 0.0536 0.174 -0.2553 0.6125 0.7481 
6.7776 33.8723 1.47231 0.0884 0.2661 -0.3284 0.7436 0.5824 
-4.0041 11.4527 2.553 0.6641 0.5 -0.7383 0.0256 0.674 
-4.3273 11.4547 1.507 0.6084 0.5 -0.9997 0.024 0.0086 
-4.8609 -11.6635 1.4746 0.6025 0.9819 -0.9997 0.0243 0.0086 
-4.8609 -11.6635 1.4746 0.6025 0.9819 -0.9997 0.0243 0.0086 
-4.4439 -11.6663 2.9633 0.6646 0.9819 -0.7576 0.026 0.6522 
-4.0041 11.4527 2.553 0.6641 0.5 -0.7383 0.0256 0.674 
-4.0041 11.4527 2.553 0.6641 0.5 -0.7383 0.0256 0.674 
-4.4439 -11.6663 2.9633 0.6646 0.9819 -0.7576 0.026 0.6522 
-2.4406 -11.6667 3.8667 0.7139 0.9819 -0.0727 0.0278 0.997 
-4.0219 11.4564 0.455302 0.5615 0.5 -0.9602 0.0235 -0.2782 
-4.4693 -11.6609 -0.021302 0.5542 0.9819 -0.9671 0.0239 -0.2531 
-4.8609 -11.6635 1.4746 0.6025 0.9819 -0.9997 0.0243 0.0086 
-4.8609 -11.6635 1.4746 0.6025 0.9819 -0.9997 0.0243 0.0086 
-4.3273 11.4547 1.507 0.6084 0.5 -0.9997 0.024 0.0086 
-4.0219 11.4564 0.455302 0.5615 0.5 -0.9602 0.0235 -0.2782 
-3.7517 24.5827 0.675204 0.5615 0.2217 -0.936 0.0188 -0.3514 
-4.0219 11.4564 0.455302 0.5615 0.5 -0.9602 0.0235 -0.2782 
-4.3273 11.4547 1.507 0.6084 0.5 -0.9997 0.024 0.0086 
-4.3273 11.4547 1.507 0.6084 0.5 -0.9997 0.024 0.0086 
-4.0548 24.5827 1.4723 0.6084 0.2217 -0.9997 0.0207 -0.0124 
-3.7517 24.5827 0.675204 0.5615 0.2217 -0.936 0.0188 -0.3514 
-3.7364 24.5827 2.3726 0.6602 0.2217 -0.7318 0.0209 0.6812 
-4.0548 24.5827 1.4723 0.6084 0.2217 -0.9997 0.0207 -0.0124 
-4.3273 11.4547 1.507 0.6084 0.5 -0.9997 0.024 0.0086 
-4.3273 11.4547 1.507 0.6084 0.5 -0.9997 0.024 0.0086 
-4.0041 11.4527 2.553 0.6641 0.5 -0.7383 0.0256 0.674 
-3.7364 24.5827 2.3726 0.6602 0.2217 -0.7318 0.0209 0.6812 
-3.7364 24.5827 2.3726 0.6602 0.2217 -0.7318 0.0209 0.6812 
-4.0041 11.4527 2.553 0.6641 0.5 -0.7383 0.0256 0.674 
-2.4455 11.4776 3.1894 0.7158 0.5 -0.072 0.0205 0.9972 
-2.4406 -11.6667 3.8667 0.7139 0.9819 -0.0727 0.0278 0.997 
-2.4455 11.4776 3.1894 0.7158 0.5 -0.072 0.0205 0.9972 
-4.0041 11.4527 2.553 0.6641 0.5 -0.7383 0.0256 0.674 
-2.4455 11.4776 3.1894 0.7158 0.5 -0.072 0.0205 0.9972 
-2.4406 -11.6667 3.8667 0.7139 0.9819 -0.0727 0.0278 0.997 
0.3958 -11.6646 3.0645 0.7627 0.9819 0.713 0.0299 0.7006 
0.3958 -11.6646 3.0645 0.7627 0.9819 0.713 0.0299 0.7006 
-0.0583 11.5042 2.5845 0.7671 0.5 0.7056 0.0276 0.7081 
-2.4455 11.4776 3.1894 0.7158 0.5 -0.072 0.0205 0.9972 
-0.2745 24.5827 1.4723 0.8228 0.2217 0.9988 0.0467 -0.0175 
-0.5805 24.5827 2.347 0.7715 0.2217 0.7311 0.0416 0.681 
-0.0583 11.5042 2.5845 0.7671 0.5 0.7056 0.0275 0.7081 
-0.0583 11.5042 2.5845 0.7671 0.5 0.7056 0.0275 0.7081 
-0.5805 24.5827 2.347 0.7715 0.2217 0.7311 0.0416 0.681 
-2.1848 24.5827 3.0531 0.7158 0.2217 -0.0041 0.0256 0.9997 
-2.1848 24.5827 3.0531 0.7158 0.2217 -0.0041 0.0256 0.9997 
-2.4455 11.4776 3.1894 0.7158 0.5 -0.072 0.0205 0.9972 
-0.0583 11.5042 2.5845 0.7671 0.5 0.7056 0.0275 0.7081 
-2.4455 11.4776 3.1894 0.7158 0.5 -0.072 0.0205 0.9972 
-2.1848 24.5827 3.0531 0.7158 0.2217 -0.0041 0.0256 0.9997 
-3.7364 24.5827 2.3726 0.6602 0.2217 -0.7318 0.0209 0.6812 
0.2396 11.5062 1.4726 0.8228 0.5 0.9994 0.0324 -0.0084 
-0.0583 11.5042 2.5845 0.7671 0.5 0.7056 0.0275 0.7081 
0.3958 -11.6646 3.0645 0.7627 0.9819 0.713 0.0299 0.7006 
-0.0583 11.5042 2.5845 0.7671 0.5 0.7056 0.0275 0.7081 
0.2396 11.5062 1.4726 0.8228 0.5 0.9994 0.0324 -0.0084 
-0.2745 24.5827 1.4723 0.8228 0.2217 0.9988 0.0467 -0.0175 
-0.2745 24.5827 1.4723 0.8228 0.2217 0.9988 0.0467 -0.0175 
0.2396 11.5062 1.4726 0.8228 0.5 0.9994 0.0324 -0.0084 
-0.0771 11.5079 0.367302 0.8784 0.5 0.6954 0.0296 -0.718 
-0.0771 11.5079 0.367302 0.8784 0.5 0.6954 0.0296 -0.718 
-0.5959 24.5827 0.649504 0.874 0.2217 0.7152 0.0434 -0.6975 
-0.2745 24.5827 1.4723 0.8228 0.2217 0.9988 0.0467 -0.0175 
-2.1848 24.5827 -0.028896 0.9297 0.2217 -0.0137 0.0295 -0.9995 
-0.5959 24.5827 0.649504 0.874 0.2217 0.7152 0.0434 -0.6975 
-0.0771 11.5079 0.367302 0.8784 0.5 0.6954 0.0296 -0.718 
-0.0771 11.5079 0.367302 0.8784 0.5 0.6954 0.0296 -0.718 
-2.4745 11.483 -0.212098 0.9297 0.5 -0.0873 0.024 -0.9959 
-2.1848 24.5827 -0.028896 0.9297 0.2217 -0.0137 0.0295 -0.9995 
-3.7517 24.5827 0.675204 0.9785 0.2217 -0.4087 0.022 -0.9124 
-2.1848 24.5827 -0.028896 0.9297 0.2217 -0.0137 0.0295 -0.9995 
-2.4745 11.483 -0.212098 0.9297 0.5 -0.0873 0.024 -0.9959 
-2.4745 11.483 -0.212098 0.9297 0.5 -0.0873 0.024 -0.9959 
-4.0219 11.4564 0.455302 0.9785 0.5 -0.3974 0.0269 -0.9173 
-3.7517 24.5827 0.675204 0.9785 0.2217 -0.4087 0.022 -0.9124 
-4.0219 11.4564 0.455302 0.9785 0.5 -0.3974 0.0269 -0.9173 
-2.4745 11.483 -0.212098 0.9297 0.5 -0.0873 0.024 -0.9959 
-2.4818 -11.659 -0.972902 0.9355 0.9819 -0.0899 0.0313 -0.9955 
-2.4818 -11.659 -0.972902 0.9355 0.9819 -0.0899 0.0313 -0.9955 
-4.4693 -11.6609 -0.021302 0.9863 0.9819 -0.4317 0.0269 -0.9016 
-4.0219 11.4564 0.455302 0.9785 0.5 -0.3974 0.0269 -0.9173 
0.3958 -11.6646 3.0645 0.7627 0.9819 0.713 0.0299 0.7006 
0.8217 -11.6619 1.4266 0.8247 0.9819 0.9996 0.0251 -0.0085 
0.2396 11.5062 1.4726 0.8228 0.5 0.9994 0.0324 -0.0084 
0.2396 11.5062 1.4726 0.8228 0.5 0.9994 0.0324 -0.0084 
0.8217 -11.6619 1.4266 0.8247 0.9819 0.9996 0.0251 -0.0085 
0.368 -11.6593 -0.203502 0.8862 0.9819 0.7027 0.0323 -0.7108 
0.368 -11.6593 -0.203502 0.8862 0.9819 0.7027 0.0323 -0.7108 
-0.0771 11.5079 0.367302 0.8784 0.5 0.6954 0.0296 -0.718 
0.2396 11.5062 1.4726 0.8228 0.5 0.9994 0.0324 -0.0084 
-2.4745 11.483 -0.212098 0.9297 0.5 -0.0873 0.0239 -0.9959 
-0.0771 11.5079 0.367302 0.8784 0.5 0.6954 0.0296 -0.718 
0.368 -11.6593 -0.203502 0.8862 0.9819 0.7027 0.0323 -0.7108 
0.368 -11.6593 -0.203502 0.8862 0.9819 0.7027 0.0323 -0.7108 
-2.4818 -11.659 -0.972902 0.9355 0.9819 -0.0899 0.0313 -0.9955 
-2.4745 11.483 -0.212098 0.9297 0.5 -0.0873 0.024 -0.9959 
-3.7155 33.3047 2.29021 0.8228 0.0256 -0.0959 0.9926 0.0747 
-2.1848 33.5128 1.4896 0.7563 0.0592 -0.0121 0.9999 -0.0016 
-3.9509 33.3032 1.47721 0.8325 0.0607 -0.118 0.9925 0.0323 
-3.9509 33.3032 1.47721 0.8325 0.0607 -0.1175 0.9924 -0.0379 
-2.1848 33.5128 1.4896 0.7563 0.0592 -0.0121 0.9999 -0.0016 
-3.7006 33.302 0.669005 0.8213 0.0955 -0.095 0.9923 -0.0794 
-3.7006 33.302 0.669005 0.8213 0.0955 -0.095 0.9923 -0.0794 
-2.1848 33.5128 1.4896 0.7563 0.0592 -0.0121 0.9999 -0.0016 
-2.1848 33.3202 0.245305 0.7559 0.1129 -0.0104 0.9882 -0.153 
-2.1848 33.3202 0.245305 0.7559 0.1129 -0.0104 0.9882 -0.153 
-2.1848 33.5128 1.4896 0.7563 0.0592 -0.0121 0.9999 -0.0016 
-0.5841 33.3396 0.733305 0.687 0.0909 0.0733 0.9947 -0.0726 
-0.5841 33.3396 0.733305 0.687 0.0909 0.0733 0.9947 -0.0726 
-2.1848 33.5128 1.4896 0.7563 0.0592 -0.0121 0.9999 -0.0016 
-0.3429 33.3408 1.50231 0.6772 0.0577 0.093 0.9957 -0.0009 
-0.3429 33.3408 1.50231 0.6772 0.0577 0.093 0.9957 -0.0009 
-2.1848 33.5128 1.4896 0.7563 0.0592 -0.0121 0.9999 -0.0016 
-0.5982 33.3423 2.2672 0.6885 0.0248 0.0723 0.9949 0.0705 
-0.5982 33.3423 2.2672 0.6885 0.0248 0.0723 0.9949 0.0705 
-2.1848 33.5128 1.4896 0.7563 0.0592 -0.0121 0.9999 -0.0016 
-2.1848 33.3241 2.73251 0.7573 0.00559998 -0.0117 0.9886 0.1501 
-2.1848 33.3241 2.73251 0.7573 0.00559998 -0.0117 0.9886 0.1501 
-2.1848 33.5128 1.4896 0.7563 0.0592 -0.0121 0.9999 -0.0016 
-3.7155 33.3047 2.29021 0.8228 0.0256 -0.0959 0.9926 0.0747 
-3.7364 24.5827 2.3726 0.5059 0.3533 0 -1 0 
-2.1848 24.5827 3.0531 0.5244 0.4229 0 -1 0 
-2.1848 24.5827 3.5063 0.5386 0.4229 0 -1 0 
-2.1848 24.5827 3.5063 0.5386 0.4229 0 -1 0 
-2.1848 24.5827 3.0531 0.5244 0.4229 0 -1 0 
-0.5805 24.5827 2.347 0.5059 0.4924 0 -1 0 
-0.5805 24.5827 2.347 0.5059 0.4924 0 -1 0 
-0.2626 24.5827 2.6435 0.5161 0.5063 0 -1 0 
-2.1848 24.5827 3.5063 0.5386 0.4229 0 -1 0 
0.1219 24.5827 1.4723 0.4739 0.5244 0 -1 0 
-0.2626 24.5827 2.6435 0.5161 0.5063 0 -1 0 
-0.5805 24.5827 2.347 0.5059 0.4924 0 -1 0 
-0.5805 24.5827 2.347 0.5059 0.4924 0 -1 0 
-0.2745 24.5827 1.4723 0.4739 0.5063 0 -1 0 
0.1219 24.5827 1.4723 0.4739 0.5244 0 -1 0 
0.1219 24.5827 1.4723 0.4739 0.5244 0 -1 0 
-0.2745 24.5827 1.4723 0.4739 0.5063 0 -1 0 
-0.5959 24.5827 0.649504 0.4419 0.4924 0 -1 0 
-0.5959 24.5827 0.649504 0.4419 0.4924 0 -1 0 
-0.2833 24.5827 0.347904 0.4312 0.5063 0 -1 0 
0.1219 24.5827 1.4723 0.4739 0.5244 0 -1 0 
-2.1848 24.5827 -0.482096 0.4087 0.4229 0 -1 0 
-0.2833 24.5827 0.347904 0.4312 0.5063 0 -1 0 
-0.5959 24.5827 0.649504 0.4419 0.4924 0 -1 0 
-0.5959 24.5827 0.649504 0.4419 0.4924 0 -1 0 
-2.1848 24.5827 -0.028896 0.4231 0.4229 0 -1 0 
-2.1848 24.5827 -0.482096 0.4087 0.4229 0 -1 0 
-2.1848 24.5827 -0.482096 0.4087 0.4229 0 -1 0 
-2.1848 24.5827 -0.028896 0.4231 0.4229 0 -1 0 
-3.7517 24.5827 0.675204 0.4419 0.3533 0 -1 0 
-3.7517 24.5827 0.675204 0.4419 0.3533 0 -1 0 
-4.0696 24.5827 0.378704 0.4312 0.3394 0 -1 0 
-2.1848 24.5827 -0.482096 0.4087 0.4229 0 -1 0 
-4.4368 24.5827 1.4723 0.4739 0.3225 0 -1 0 
-4.0696 24.5827 0.378704 0.4312 0.3394 0 -1 0 
-3.7517 24.5827 0.675204 0.4419 0.3533 0 -1 0 
-3.7517 24.5827 0.675204 0.4419 0.3533 0 -1 0 
-4.0548 24.5827 1.4723 0.4739 0.3394 0 -1 0 
-4.4368 24.5827 1.4723 0.4739 0.3225 0 -1 0 
-4.4368 24.5827 1.4723 0.4739 0.3225 0 -1 0 
-4.0548 24.5827 1.4723 0.4739 0.3394 0 -1 0 
-3.7364 24.5827 2.3726 0.5059 0.3533 0 -1 0 
-3.7364 24.5827 2.3726 0.5059 0.3533 0 -1 0 
-4.0489 24.5827 2.6742 0.5161 0.3394 0 -1 0 
-4.4368 24.5827 1.4723 0.4739 0.3225 0 -1 0 
-2.1848 24.5827 3.5063 0.5386 0.4229 0 -1 0 
-4.0489 24.5827 2.6742 0.5161 0.3394 0 -1 0 
-3.7364 24.5827 2.3726 0.5059 0.3533 0 -1 0 
-3.9947 -12.4448 0.365998 0.9502 0.0423 -0.3364 -0.9007 -0.2749 
-4.3565 -12.1568 0.069298 0.957 0.0378 -0.6364 -0.5633 -0.5269 
-2.4807 -12.1517 -0.844002 0.9229 0.0238 -0.079 -0.5488 -0.8322 
-2.4807 -12.1517 -0.844002 0.9229 0.0238 -0.079 -0.5488 -0.8322 
-2.4772 -12.4307 -0.417802 0.9224 0.0303 -0.0487 -0.8933 -0.4469 
-3.9947 -12.4448 0.365998 0.9502 0.0423 -0.3364 -0.9007 -0.2749 
-2.4772 -12.4307 -0.417802 0.9224 0.0303 -0.0487 -0.8933 -0.4469 
-2.4807 -12.1517 -0.844002 0.9229 0.0238 -0.079 -0.5488 -0.8322 
0.2591 -12.1489 -0.096702 0.8721 0.0355 0.5746 -0.5807 -0.5767 
0.2591 -12.1489 -0.096702 0.8721 0.0355 0.5746 -0.5807 -0.5767 
-0.0907 -12.4181 0.253098 0.8784 0.0407 0.2809 -0.9229 -0.2634 
-2.4772 -12.4307 -0.417802 0.9224 0.0303 -0.0487 -0.8933 -0.4469 
-0.0907 -12.4181 0.253098 0.8784 0.0407 0.2809 -0.9229 -0.2634 
0.2591 -12.1489 -0.096702 0.8721 0.0355 0.5746 -0.5807 -0.5767 
0.6865 -12.144 1.4265 0.8633 0.057 0.8106 -0.5855 -0.0063 
0.6865 -12.144 1.4265 0.8633 0.057 0.8106 -0.5855 -0.0063 
0.2508 -12.3907 1.4288 0.8716 0.0571 0.3826 -0.9239 -0.0014 
-0.0907 -12.4181 0.253098 0.8784 0.0407 0.2809 -0.9229 -0.2634 
0.2508 -12.3907 1.4288 0.8716 0.0571 0.3826 -0.9239 -0.0014 
0.6865 -12.144 1.4265 0.8633 0.057 0.8106 -0.5855 -0.0063 
0.2852 -12.1538 2.9574 0.8711 0.0786 0.5812 -0.5847 0.566 
0.2852 -12.1538 2.9574 0.8711 0.0786 0.5812 -0.5847 0.566 
-0.0702 -12.4217 2.6112 0.8779 0.0735 0.2871 -0.9228 0.2571 
0.2508 -12.3907 1.4288 0.8716 0.0571 0.3826 -0.9239 -0.0014 
-0.0702 -12.4217 2.6112 0.8779 0.0735 0.2871 -0.9228 0.2571 
0.2852 -12.1538 2.9574 0.8711 0.0786 0.5812 -0.5847 0.566 
-2.4417 -12.159 3.736 0.9219 0.0908 -0.0594 -0.5526 0.8313 
-2.4417 -12.159 3.736 0.9219 0.0908 -0.0594 -0.5526 0.8313 
-2.4455 -12.4366 3.3089 0.9219 0.0843 -0.0349 -0.8952 0.4443 
-0.0702 -12.4217 2.6112 0.8779 0.0735 0.2871 -0.9228 0.2571 
-2.4617 -12.988 1.4445 0.9219 0.0573 -0.0354 -0.9994 -0.0018 
0.2508 -12.3907 1.4288 0.8716 0.0571 0.3826 -0.9239 -0.0014 
-0.0702 -12.4217 2.6112 0.8779 0.0735 0.2871 -0.9228 0.2571 
-0.0702 -12.4217 2.6112 0.8779 0.0735 0.2871 -0.9228 0.2571 
-2.4455 -12.4366 3.3089 0.9219 0.0843 -0.0349 -0.8952 0.4443 
-2.4617 -12.988 1.4445 0.9219 0.0573 -0.0354 -0.9994 -0.0018 
-2.4617 -12.988 1.4445 0.9219 0.0573 -0.0354 -0.9994 -0.0018 
-2.4455 -12.4366 3.3089 0.9219 0.0843 -0.0349 -0.8952 0.4443 
-3.9764 -12.4483 2.5633 0.9497 0.0728 -0.3312 -0.9026 0.2751 
-3.9764 -12.4483 2.5633 0.9497 0.0728 -0.3312 -0.9026 0.2751 
-4.3002 -12.4359 1.4668 0.9561 0.0576 -0.4423 -0.8969 0.0022 
-2.4617 -12.988 1.4445 0.9219 0.0573 -0.0354 -0.9994 -0.0018 
-2.4455 -12.4366 3.3089 0.9219 0.0843 -0.0349 -0.8952 0.4443 
-2.4417 -12.159 3.736 0.9219 0.0908 -0.0594 -0.5526 0.8313 
-4.3327 -12.1617 2.8686 0.9565 0.0775 -0.6279 -0.5652 0.5351 
-4.3327 -12.1617 2.8686 0.9565 0.0775 -0.6279 -0.5652 0.5351 
-3.9764 -12.4483 2.5633 0.9497 0.0728 -0.3312 -0.9026 0.2751 
-2.4455 -12.4366 3.3089 0.9219 0.0843 -0.0349 -0.8952 0.4443 
-3.9764 -12.4483 2.5633 0.9497 0.0728 -0.3312 -0.9026 0.2751 
-4.3327 -12.1617 2.8686 0.9565 0.0775 -0.6279 -0.5652 0.5351 
-4.7277 -12.1566 1.4722 0.9648 0.0577 -0.8281 -0.5606 0.0066 
-4.7277 -12.1566 1.4722 0.9648 0.0577 -0.8281 -0.5606 0.0066 
-4.3002 -12.4359 1.4668 0.9561 0.0576 -0.4423 -0.8969 0.0022 
-3.9764 -12.4483 2.5633 0.9497 0.0728 -0.3312 -0.9026 0.2751 
-4.3002 -12.4359 1.4668 0.9561 0.0576 -0.4423 -0.8969 0.0022 
-4.7277 -12.1566 1.4722 0.9648 0.0577 -0.8281 -0.5606 0.0066 
-4.3565 -12.1568 0.069298 0.957 0.0378 -0.6364 -0.5633 -0.5269 
-4.3565 -12.1568 0.069298 0.957 0.0378 -0.6364 -0.5633 -0.5269 
-3.9947 -12.4448 0.365998 0.9502 0.0423 -0.3364 -0.9007 -0.2749 
-4.3002 -12.4359 1.4668 0.9561 0.0576 -0.4423 -0.8969 0.0022 
-2.4617 -12.988 1.4445 0.9219 0.0573 -0.0354 -0.9994 -0.0018 
-4.3002 -12.4359 1.4668 0.9561 0.0576 -0.4423 -0.8969 0.0022 
-3.9947 -12.4448 0.365998 0.9502 0.0423 -0.3364 -0.9007 -0.2749 
-3.9947 -12.4448 0.365998 0.9502 0.0423 -0.3364 -0.9007 -0.2749 
-2.4772 -12.4307 -0.417802 0.9224 0.0303 -0.0487 -0.8933 -0.4469 
-2.4617 -12.988 1.4445 0.9219 0.0573 -0.0354 -0.9994 -0.0018 
-2.4617 -12.988 1.4445 0.9219 0.0573 -0.0354 -0.9994 -0.0018 
-2.4772 -12.4307 -0.417802 0.9224 0.0303 -0.0487 -0.8933 -0.4469 
-0.0907 -12.4181 0.253098 0.8784 0.0407 0.2809 -0.9229 -0.2634 
-0.0907 -12.4181 0.253098 0.8784 0.0407 0.2809 -0.9229 -0.2634 
0.2508 -12.3907 1.4288 0.8716 0.0571 0.3826 -0.9239 -0.0014 
-2.4617 -12.988 1.4445 0.9219 0.0573 -0.0354 -0.9994 -0.0018 
-4.8609 -11.6635 1.4746 0.9736 0.0578 -0.9652 -0.2614 0.0086 
-4.7277 -12.1566 1.4722 0.9648 0.0577 -0.8281 -0.5606 0.0066 
-4.3327 -12.1617 2.8686 0.9565 0.0775 -0.6279 -0.5652 0.5351 
-4.3327 -12.1617 2.8686 0.9565 0.0775 -0.6279 -0.5652 0.5351 
-4.4439 -11.6663 2.9633 0.9634 0.0818 -0.7298 -0.2808 0.6234 
-4.8609 -11.6635 1.4746 0.9736 0.0578 -0.9652 -0.2614 0.0086 
-4.4439 -11.6663 2.9633 0.9634 0.0818 -0.7298 -0.2808 0.6234 
-4.3327 -12.1617 2.8686 0.9565 0.0775 -0.6279 -0.5652 0.5351 
-2.4417 -12.159 3.736 0.9219 0.0908 -0.0594 -0.5526 0.8313 
-2.4417 -12.159 3.736 0.9219 0.0908 -0.0594 -0.5526 0.8313 
-2.4406 -11.6667 3.8667 0.9224 0.0973 -0.0661 -0.2568 0.9642 
-4.4439 -11.6663 2.9633 0.9634 0.0818 -0.7298 -0.2808 0.6234 
-2.4406 -11.6667 3.8667 0.9224 0.0973 -0.0661 -0.2568 0.9642 
-2.4417 -12.159 3.736 0.9219 0.0908 -0.0594 -0.5526 0.8313 
0.2852 -12.1538 2.9574 0.8711 0.0786 0.5812 -0.5847 0.566 
0.2852 -12.1538 2.9574 0.8711 0.0786 0.5812 -0.5847 0.566 
0.3958 -11.6646 3.0645 0.8652 0.0831 0.6823 -0.3 0.6667 
-2.4406 -11.6667 3.8667 0.9224 0.0973 -0.0661 -0.2568 0.9642 
0.3958 -11.6646 3.0645 0.8652 0.0831 0.6823 -0.3 0.6667 
0.2852 -12.1538 2.9574 0.8711 0.0786 0.5812 -0.5847 0.566 
0.6865 -12.144 1.4265 0.8633 0.057 0.8106 -0.5855 -0.0063 
0.6865 -12.144 1.4265 0.8633 0.057 0.8106 -0.5855 -0.0063 
0.8217 -11.6619 1.4266 0.8545 0.0569 0.9627 -0.2703 -0.0088 
0.3958 -11.6646 3.0645 0.8652 0.0831 0.6823 -0.3 0.6667 
0.8217 -11.6619 1.4266 0.8545 0.0569 0.9627 -0.2703 -0.0088 
0.6865 -12.144 1.4265 0.8633 0.057 0.8106 -0.5855 -0.0063 
0.2591 -12.1489 -0.096702 0.8721 0.0355 0.5746 -0.5807 -0.5767 
0.2591 -12.1489 -0.096702 0.8721 0.0355 0.5746 -0.5807 -0.5767 
0.368 -11.6593 -0.203502 0.8662 0.0309 0.6739 -0.2964 -0.6768 
0.8217 -11.6619 1.4266 0.8545 0.0569 0.9627 -0.2703 -0.0088 
0.368 -11.6593 -0.203502 0.8662 0.0309 0.6739 -0.2964 -0.6768 
0.2591 -12.1489 -0.096702 0.8721 0.0355 0.5746 -0.5807 -0.5767 
-2.4807 -12.1517 -0.844002 0.9229 0.0238 -0.079 -0.5488 -0.8322 
-2.4807 -12.1517 -0.844002 0.9229 0.0238 -0.079 -0.5488 -0.8322 
-2.4818 -11.659 -0.972902 0.9233 0.0173 -0.0863 -0.2543 -0.9633 
0.368 -11.6593 -0.203502 0.8662 0.0309 0.6739 -0.2964 -0.6768 
-2.4818 -11.659 -0.972902 0.9233 0.0173 -0.0863 -0.2543 -0.9633 
-2.4807 -12.1517 -0.844002 0.9229 0.0238 -0.079 -0.5488 -0.8322 
-4.3565 -12.1568 0.069298 0.957 0.0378 -0.6364 -0.5633 -0.5269 
-4.3565 -12.1568 0.069298 0.957 0.0378 -0.6364 -0.5633 -0.5269 
-4.4693 -11.6609 -0.021302 0.9639 0.0335 -0.7401 -0.2794 -0.6117 
-2.4818 -11.659 -0.972902 0.9233 0.0173 -0.0863 -0.2543 -0.9633 
-4.4693 -11.6609 -0.021302 0.9639 0.0335 -0.7401 -0.2794 -0.6117 
-4.3565 -12.1568 0.069298 0.957 0.0378 -0.6364 -0.5633 -0.5269 
-4.7277 -12.1566 1.4722 0.9648 0.0577 -0.8281 -0.5606 0.0066 
-4.7277 -12.1566 1.4722 0.9648 0.0577 -0.8281 -0.5606 0.0066 
-4.8609 -11.6635 1.4746 0.9736 0.0578 -0.9652 -0.2614 0.0086 
-4.4693 -11.6609 -0.021302 0.9639 0.0335 -0.7401 -0.2794 -0.6117 
-4.031 32.3303 1.47231 0.8228 0.2212 -0.9986 0.0506 -0.0148 
-3.9509 33.3032 1.47721 0.8228 0.1185 -0.9966 0.0821 -0.0083 
-3.7006 33.302 0.669005 0.8784 0.1185 -0.7176 0.0855 -0.6912 
-3.7006 33.302 0.669005 0.8784 0.1185 -0.7176 0.0855 -0.6912 
-3.7096 32.3303 0.649505 0.874 0.2212 -0.7218 0.0206 -0.6918 
-4.031 32.3303 1.47231 0.8228 0.2212 -0.9986 0.0506 -0.0148 
-2.1848 32.3303 -0.028895 0.9297 0.2212 0.0359 0.2253 -0.9736 
-3.7096 32.3303 0.649505 0.874 0.2212 -0.7218 0.0206 -0.6918 
-3.7006 33.302 0.669005 0.8784 0.1185 -0.7176 0.0855 -0.6912 
-3.7006 33.302 0.669005 0.8784 0.1185 -0.7176 0.0855 -0.6912 
-2.1848 33.3202 0.245305 0.9297 0.1185 0.0517 0.2341 -0.9708 
-2.1848 32.3303 -0.028895 0.9297 0.2212 0.0359 0.2253 -0.9736 
-0.5538 32.3303 0.675205 0.978 0.2212 0.3247 0.1281 -0.9371 
-2.1848 32.3303 -0.028895 0.9297 0.2212 0.0359 0.2253 -0.9736 
-2.1848 33.3202 0.245305 0.9297 0.1185 0.0517 0.2341 -0.9708 
-2.1848 33.3202 0.245305 0.9297 0.1185 0.0517 0.2341 -0.9708 
-0.5841 33.3396 0.733305 0.978 0.1185 0.2903 0.0637 -0.9548 
-0.5538 32.3303 0.675205 0.978 0.2212 0.3247 0.1281 -0.9371 
-0.5538 32.3303 0.675205 0.564 0.2212 0.9408 0.0743 -0.3307 
-0.5841 33.3396 0.733305 0.564 0.1183 0.9531 0.0458 -0.299 
-0.3429 33.3408 1.50231 0.6084 0.1183 0.9974 0.0718 0.0066 
-0.3429 33.3408 1.50231 0.6084 0.1183 0.9974 0.0718 0.0066 
-0.2506 32.3303 1.47231 0.6084 0.2212 0.9956 0.0915 -0.0177 
-0.5538 32.3303 0.675205 0.564 0.2212 0.9408 0.0743 -0.3307 
-0.5691 32.3303 2.37261 0.6602 0.2212 0.6879 0.1359 0.7129 
-0.2506 32.3303 1.47231 0.6084 0.2212 0.9957 0.0915 -0.0177 
-0.3429 33.3408 1.50231 0.6084 0.1183 0.9974 0.0718 0.0066 
-0.3429 33.3408 1.50231 0.6084 0.1183 0.9974 0.0718 0.0066 
-0.5982 33.3423 2.2672 0.6641 0.1183 0.7028 0.0937 0.7052 
-0.5691 32.3303 2.37261 0.6602 0.2212 0.6879 0.1359 0.7129 
-0.5691 32.3303 2.37261 0.6602 0.2212 0.6879 0.1359 0.7129 
-0.5982 33.3423 2.2672 0.6641 0.1183 0.7028 0.0937 0.7052 
-2.1848 33.3241 2.73251 0.7158 0.1183 0.0415 0.2746 0.9607 
-2.1848 33.3241 2.73251 0.7158 0.1183 0.0415 0.2746 0.9607 
-2.1848 32.3303 3.05311 0.7158 0.2212 0.0264 0.2658 0.9637 
-0.5691 32.3303 2.37261 0.6602 0.2212 0.6879 0.1359 0.713 
-2.1848 32.3303 3.05311 0.7158 0.2212 0.0264 0.2658 0.9637 
-2.1848 33.3241 2.73251 0.7158 0.1183 0.0415 0.2746 0.9607 
-3.7155 33.3047 2.29021 0.7671 0.1185 -0.7337 0.1074 0.671 
-3.7155 33.3047 2.29021 0.7671 0.1185 -0.7337 0.1074 0.671 
-3.7249 32.3303 2.347 0.7715 0.2212 -0.7324 0.0467 0.6793 
-2.1848 32.3303 3.05311 0.7158 0.2212 0.0264 0.2658 0.9637 
-4.031 32.3303 1.47231 0.8228 0.2212 -0.9986 0.0506 -0.0148 
-3.7249 32.3303 2.347 0.7715 0.2212 -0.7324 0.0467 0.6792 
-3.7155 33.3047 2.29021 0.7671 0.1185 -0.7337 0.1074 0.671 
-3.7155 33.3047 2.29021 0.7671 0.1185 -0.7337 0.1074 0.671 
-3.9509 33.3032 1.47721 0.8228 0.1185 -0.9966 0.0821 -0.0083 
-4.031 32.3303 1.47231 0.8228 0.2212 -0.9986 0.0506 -0.0148 
-6.4924 32.2012 1.53461 0.0016 0.52 -0.9909 0.1348 0.006 
-6.3661 32.8906 1.5241 0.0016 0.5376 -0.9836 0.1802 0.0006 
-6.4003 32.7079 0.346605 0.0366 0.5356 -0.9869 0.1553 -0.0435 
-6.4003 32.7079 0.346605 0.0366 0.5356 -0.9869 0.1553 -0.0435 
-6.5064 32.1414 0.717105 0.0253 0.5181 -0.9909 0.1315 -0.0278 
-6.4924 32.2012 1.53461 0.0016 0.52 -0.9909 0.1348 0.006 
-6.5064 32.1414 0.717105 0.0253 0.5181 -0.9909 0.1315 -0.0278 
-6.4003 32.7079 0.346605 0.0366 0.5356 -0.9869 0.1553 -0.0435 
-6.5329 30.9802 -0.545295 0.0707 0.4827 -0.989 0.0987 -0.1098 
-6.5329 30.9802 -0.545295 0.0707 0.4827 -0.989 0.0987 -0.1098 
-6.623 30.7926 0.089805 0.0489 0.4771 -0.9949 0.0827 -0.0569 
-6.5064 32.1414 0.717105 0.0253 0.5181 -0.9909 0.1315 -0.0278 
-6.623 30.7926 0.089805 0.0489 0.4771 -0.9949 0.0827 -0.0569 
-6.5329 30.9802 -0.545295 0.0707 0.4827 -0.989 0.0987 -0.1098 
-6.7596 27.241 -0.718996 0.0718 0.3684 -0.9989 -0.0023 -0.0459 
-6.7596 27.241 -0.718996 0.0718 0.3684 -0.9989 -0.0023 -0.0459 
-6.7823 27.6992 -0.232195 0.0564 0.3826 -0.9993 0.0126 -0.0345 
-6.623 30.7926 0.089805 0.0489 0.4771 -0.9949 0.0827 -0.0569 
-6.7823 27.6992 -0.232195 0.0564 0.3826 -0.9993 0.0126 -0.0345 
-6.7596 27.241 -0.718996 0.0718 0.3684 -0.9989 -0.0023 -0.0459 
-6.7212 26.9952 1.5307 0.0016 0.3628 -0.9979 -0.0635 0.0092 
-6.7212 26.9952 1.5307 0.0016 0.3628 -0.9979 -0.0636 0.0092 
-6.7662 27.6947 1.5327 0.0016 0.3823 -0.9999 -0.0069 0.0092 
-6.7823 27.6992 -0.232195 0.0564 0.3826 -0.9993 0.0126 -0.0345 
-6.623 30.7926 0.089805 0.0489 0.4771 -0.9949 0.0827 -0.0569 
-6.7823 27.6992 -0.232195 0.0564 0.3826 -0.9993 0.0126 -0.0345 
-6.7662 27.6947 1.5327 0.0016 0.3823 -0.9999 -0.0069 0.0092 
-6.7662 27.6947 1.5327 0.0016 0.3823 -0.9999 -0.0069 0.0092 
-6.6066 30.8319 1.53241 0.0016 0.4783 -0.9977 0.0669 0.0099 
-6.623 30.7926 0.089805 0.0489 0.4771 -0.9949 0.0827 -0.0569 
-6.5064 32.1414 0.717105 0.0253 0.5181 -0.9909 0.1315 -0.0278 
-6.623 30.7926 0.089805 0.0489 0.4771 -0.9949 0.0827 -0.0569 
-6.6066 30.8319 1.53241 0.0016 0.4783 -0.9977 0.0669 0.0099 
-6.6066 30.8319 1.53241 0.0016 0.4783 -0.9977 0.0669 0.0099 
-6.4924 32.2012 1.53461 0.0016 0.52 -0.9909 0.1348 0.006 
-6.5064 32.1414 0.717105 0.0253 0.5181 -0.9909 0.1315 -0.0278 
-6.75 27.6902 3.34291 0.0571 0.3821 -0.9984 0.0145 0.0547 
-6.7186 27.2299 3.82761 0.0724 0.3682 -0.9979 -0.0014 0.0641 
-6.4946 30.9839 3.6571 0.0714 0.4829 -0.9868 0.0997 0.1275 
-6.4946 30.9839 3.6571 0.0714 0.4829 -0.9868 0.0997 0.1275 
-6.5969 30.7806 3.0282 0.0497 0.4766 -0.9937 0.0826 0.0756 
-6.75 27.6902 3.34291 0.0571 0.3821 -0.9984 0.0145 0.0547 
-6.5969 30.7806 3.0282 0.0497 0.4766 -0.9937 0.0826 0.0756 
-6.4946 30.9839 3.6571 0.0714 0.4829 -0.9868 0.0997 0.1275 
-6.3749 32.7498 2.6427 0.0365 0.5366 -0.9854 0.1593 0.0594 
-6.3749 32.7498 2.6427 0.0365 0.5366 -0.9854 0.1593 0.0594 
-6.4889 32.1682 2.29591 0.0252 0.519 -0.9903 0.1321 0.0427 
-6.5969 30.7806 3.0282 0.0497 0.4766 -0.9937 0.0826 0.0756 
-6.4889 32.1682 2.29591 0.0252 0.519 -0.9903 0.1321 0.0427 
-6.3749 32.7498 2.6427 0.0365 0.5366 -0.9854 0.1593 0.0594 
-6.3661 32.8906 1.5241 0.0016 0.5376 -0.9832 0.1818 0.0137 
-6.3661 32.8906 1.5241 0.0016 0.5376 -0.9832 0.1818 0.0137 
-6.4924 32.2012 1.53461 0.0016 0.52 -0.991 0.1334 0.0103 
-6.4889 32.1682 2.29591 0.0252 0.519 -0.9903 0.1321 0.0427 
-6.4889 32.1682 2.29591 0.0252 0.519 -0.9903 0.1321 0.0427 
-6.4924 32.2012 1.53461 0.0016 0.52 -0.991 0.1334 0.0103 
-6.6066 30.8319 1.53241 0.0016 0.4783 -0.9977 0.0671 0.0086 
-6.6066 30.8319 1.53241 0.0016 0.4783 -0.9977 0.0671 0.0086 
-6.5969 30.7806 3.0282 0.0497 0.4766 -0.9937 0.0826 0.0756 
-6.4889 32.1682 2.29591 0.0252 0.519 -0.9903 0.1321 0.0427 
-6.5969 30.7806 3.0282 0.0497 0.4766 -0.9937 0.0826 0.0756 
-6.6066 30.8319 1.53241 0.0016 0.4783 -0.9977 0.0671 0.0086 
-6.7662 27.6947 1.5327 0.0016 0.3823 -0.9999 -0.0065 0.0083 
-6.7662 27.6947 1.5327 0.0016 0.3823 -0.9999 -0.0065 0.0083 
-6.75 27.6902 3.34291 0.0571 0.3821 -0.9984 0.0145 0.0547 
-6.5969 30.7806 3.0282 0.0497 0.4766 -0.9937 0.0826 0.0756 
-6.7186 27.2299 3.82761 0.0724 0.3682 -0.9979 -0.0014 0.0641 
-6.75 27.6902 3.34291 0.0571 0.3821 -0.9984 0.0145 0.0547 
-6.7662 27.6947 1.5327 0.0016 0.3823 -0.9999 -0.0065 0.0083 
-6.7662 27.6947 1.5327 0.0016 0.3823 -0.9999 -0.0065 0.0083 
-6.7212 26.9952 1.5307 0.0016 0.3628 -0.9979 -0.0642 0.0077 
-6.7186 27.2299 3.82761 0.0724 0.3682 -0.9979 -0.0014 0.0641 
