Vertex Count: 1074

Data:

0.094144 1.60177 0.086647 0.4158 0.5015 0.0873 -0.946 -0.3121
0.007174 1.44671 0.086646 0.501 0.5977 0.832 -0.4667 -0.2998
-0.016672 1.44671 0.020474 0.469 0.6426 0.6197 -0.4617 -0.6347
0.398868 1.67343 0.054337 0.3245 0.281 0.1221 -0.0379 -0.9918
0.287693 1.69032 0.030921 0.3074 0.3701 0.1848 -0.082 -0.9793
0.287693 1.85837 0.031697 0.1862 0.3635 0.1421 0.2108 -0.9671
0.287693 1.59965 0.044792 0.373 0.3694 -0.0348 -0.461 -0.8867
0.287693 1.69032 0.030921 0.3074 0.3701 0.1848 -0.082 -0.9793
0.398868 1.67343 0.054337 0.3245 0.281 0.1221 -0.0379 -0.9918
0.287693 1.69032 0.030921 0.3074 0.3701 0.1848 -0.082 -0.9793
0.287693 1.59965 0.044792 0.373 0.3694 -0.0348 -0.461 -0.8867
0.176518 1.62722 0.027289 0.3535 0.4592 0.1968 -0.6231 -0.757
0.176518 1.59441 0.086647 0.4004 0.45 -0.0683 -0.8864 -0.4579
0.176518 1.62722 0.027289 0.3535 0.4592 0.1968 -0.6231 -0.757
0.287693 1.59965 0.044792 0.373 0.3694 -0.0348 -0.461 -0.8867
0.094144 1.63162 -0.014089 0.3455 0.5352 0.391 -0.5697 -0.7229
0.176518 1.62722 0.027289 0.3535 0.4592 0.1968 -0.6231 -0.757
0.176518 1.59441 0.086647 0.4004 0.45 -0.0683 -0.8864 -0.4579
0.176518 1.59441 0.086647 0.4004 0.45 -0.0683 -0.8864 -0.4579
0.094144 1.60177 0.086647 0.4158 0.5015 0.0873 -0.946 -0.3121
0.094144 1.63162 -0.014089 0.3455 0.5352 0.391 -0.5697 -0.7229
-0.016672 1.44671 0.020474 0.469 0.6426 0.6197 -0.4617 -0.6347
0.094144 1.63162 -0.014089 0.3455 0.5352 0.391 -0.5697 -0.7229
0.094144 1.60177 0.086647 0.4158 0.5015 0.8339 -0.5291 -0.1568
-0.128578 1.44671 -0.028372 0.4485 0.7319 -0.0581 -0.3564 -0.9325
0.094144 1.63162 -0.014089 0.3455 0.5352 0.391 -0.5697 -0.7229
-0.016672 1.44671 0.020474 0.469 0.6426 0.6197 -0.4617 -0.6347
-0.370484 1.59759 -0.046357 0.2991 0.9092 0.3051 -0.6277 -0.7162
-0.361033 1.61093 -0.027277 0.3015 0.9014 0.6733 -0.5487 -0.4955
-0.359962 1.61063 0.089777 0.3667 0.9634 -0.1092 -0.994 -0.0016
-0.311021 1.60193 0.089365 0.3838 0.937 -0.6199 -0.7838 -0.0382
-0.359962 1.61063 0.089777 0.3667 0.9634 -0.1092 -0.994 -0.0016
-0.361033 1.61093 -0.027277 0.3015 0.9014 0.6733 -0.5487 -0.4955
-0.361033 1.61093 -0.027277 0.3015 0.9014 0.6733 -0.5487 -0.4955
-0.312134 1.60193 -0.032844 0.3201 0.8652 -0.4101 -0.4091 -0.8151
-0.311021 1.60193 0.089365 0.3838 0.937 -0.6199 -0.7838 -0.0382
-0.311021 1.60193 0.089365 0.3838 0.937 -0.6199 -0.7838 -0.0382
-0.312134 1.60193 -0.032844 0.3201 0.8652 -0.4101 -0.4091 -0.8151
-0.2395 1.44671 0.022287 0.4468 0.8208 -0.7041 -0.4438 -0.5543
-0.128578 1.44671 -0.028372 0.4485 0.7319 -0.0581 -0.3564 -0.9325
-0.2395 1.44671 0.022287 0.4468 0.8208 -0.7041 -0.4438 -0.5543
-0.312134 1.60193 -0.032844 0.3201 0.8652 -0.4101 -0.4091 -0.8151
-0.312134 1.60193 -0.032844 0.3201 0.8652 -0.4101 -0.4091 -0.8151
-0.128578 1.60193 -0.057691 0.3386 0.7192 -0.0044 -0.0998 -0.995
-0.128578 1.44671 -0.028372 0.4485 0.7319 -0.0581 -0.3564 -0.9325
-0.128578 1.44671 -0.028372 0.4485 0.7319 0.2122 -0.1814 -0.9603
-0.128578 1.60193 -0.057691 0.3386 0.7192 -0.0044 -0.0998 -0.995
0.094144 1.63162 -0.014089 0.3455 0.5352 0.391 -0.5697 -0.7229
-0.128578 1.60193 -0.057691 0.3386 0.7192 -0.0044 -0.0998 -0.995
0.094144 1.6942 -0.047216 0.2959 0.5371 0.3178 -0.1764 -0.9316
0.094144 1.63162 -0.014089 0.3455 0.5352 0.391 -0.5697 -0.7229
0.176518 1.62722 0.027289 0.3535 0.4592 0.1968 -0.6231 -0.757
0.094144 1.63162 -0.014089 0.3455 0.5352 0.391 -0.5697 -0.7229
0.094144 1.6942 -0.047216 0.2959 0.5371 0.3178 -0.1764 -0.9316
0.094144 1.6942 -0.047216 0.2959 0.5371 0.3178 -0.1764 -0.9316
0.176518 1.69644 0.007498 0.3 0.46 0.388 -0.1246 -0.9132
0.176518 1.62722 0.027289 0.3535 0.4592 0.1968 -0.6231 -0.757
-0.2395 1.44671 0.022287 0.4468 0.8208 -0.7041 -0.4438 -0.5543
-0.26111 1.44671 0.086646 0.4744 0.8643 -0.9082 -0.2867 -0.3049
-0.311021 1.60193 0.089365 0.3838 0.937 -0.6199 -0.7838 -0.0382
0.176518 1.84605 0.008204 0.1886 0.4531 0.3678 0.2981 -0.8808
0.176518 1.69644 0.007498 0.3 0.46 0.388 -0.1246 -0.9132
0.094144 1.6942 -0.047216 0.2959 0.5371 0.3178 -0.1764 -0.9316
0.094144 1.6942 -0.047216 0.2959 0.5371 0.3178 -0.1764 -0.9316
0.094144 1.84459 -0.047104 0.191 0.5278 0.2473 0.3847 -0.8893
0.176518 1.84605 0.008204 0.1886 0.4531 0.3678 0.2981 -0.8809
0.094144 1.84459 -0.047104 0.191 0.5278 0.2473 0.3847 -0.8893
0.094144 1.6942 -0.047216 0.2959 0.5371 0.3178 -0.1764 -0.9316
-0.128578 1.60193 -0.057691 0.3386 0.7192 -0.0044 -0.0998 -0.995
-0.128578 1.60193 -0.057691 0.3386 0.7192 -0.0044 -0.0998 -0.995
-0.128578 1.83428 -0.05489 0.1775 0.6948 -0.0955 0.2793 -0.9554
0.094144 1.84459 -0.047104 0.191 0.5278 0.2473 0.3847 -0.8893
-0.301323 1.8118 -0.011134 0.1648 0.8311 -0.1592 0.2556 -0.9536
-0.128578 1.83428 -0.05489 0.1775 0.6948 -0.0955 0.2793 -0.9554
-0.128578 1.60193 -0.057691 0.3386 0.7192 -0.0044 -0.0998 -0.995
-0.128578 1.60193 -0.057691 0.3386 0.7192 -0.0044 -0.0998 -0.995
-0.312134 1.60193 -0.032844 0.3201 0.8652 -0.4101 -0.4091 -0.8151
-0.301323 1.8118 -0.011134 0.1648 0.8311 -0.1592 0.2556 -0.9536
-0.301323 1.8118 -0.011134 0.1648 0.8311 -0.1592 0.2556 -0.9536
-0.312134 1.60193 -0.032844 0.3201 0.8652 -0.4101 -0.4091 -0.8151
-0.361033 1.61093 -0.027277 0.3015 0.9014 0.6733 -0.5487 -0.4955
-0.361033 1.61093 -0.027277 0.3015 0.9014 0.6733 -0.5488 -0.4955
-0.350575 1.8133 -0.006214 0.1542 0.8691 0.6326 0.1705 -0.7555
-0.301323 1.8118 -0.011134 0.1648 0.8311 -0.1592 0.2556 -0.9536
0.176518 1.62722 0.027289 0.3535 0.4592 0.1968 -0.6231 -0.757
0.176518 1.69644 0.007498 0.3 0.46 0.388 -0.1246 -0.9132
0.287693 1.69032 0.030921 0.3074 0.3701 0.1848 -0.082 -0.9793
0.287693 1.69032 0.030921 0.3074 0.3701 0.1848 -0.082 -0.9793
0.176518 1.69644 0.007498 0.3 0.46 0.388 -0.1246 -0.9132
0.176518 1.84605 0.008204 0.1886 0.4531 0.3678 0.2981 -0.8808
0.176518 1.84605 0.008204 0.1886 0.4531 0.3678 0.2981 -0.8809
0.287693 1.85837 0.031697 0.1862 0.3635 0.1421 0.2108 -0.9671
0.287693 1.69032 0.030921 0.3074 0.3701 0.1848 -0.082 -0.9793
0.287693 1.85837 0.031697 0.1862 0.3635 0.1421 0.2108 -0.9671
0.176518 1.84605 0.008204 0.1886 0.4531 0.3678 0.2981 -0.8809
0.176518 1.90243 0.049865 0.1332 0.4438 0.0897 0.7965 -0.598
0.176518 1.90243 0.049865 0.1332 0.4438 0.0897 0.7965 -0.598
0.176518 1.84605 0.008204 0.1886 0.4531 0.3678 0.2981 -0.8808
0.094144 1.84459 -0.047104 0.191 0.5278 0.2473 0.3847 -0.8893
0.094144 1.84459 -0.047104 0.191 0.5278 0.2473 0.3847 -0.8893
0.094144 1.90369 0.023847 0.13 0.5127 0.1116 0.8693 -0.4815
0.176518 1.90243 0.049865 0.1332 0.4438 0.0897 0.7965 -0.598
0.094144 1.90369 0.023847 0.13 0.5127 0.1116 0.8693 -0.4815
0.094144 1.84459 -0.047104 0.191 0.5278 0.2473 0.3847 -0.8893
-0.128578 1.83428 -0.05489 0.1775 0.6948 -0.0955 0.2793 -0.9554
-0.128578 1.83428 -0.05489 0.1775 0.6948 -0.0955 0.2793 -0.9554
-0.128578 1.92181 -0.00562 0.1111 0.6836 -0.0538 0.8353 -0.5471
0.094144 1.90369 0.023847 0.13 0.5127 0.1116 0.8693 -0.4815
-0.128578 1.92181 -0.00562 0.1111 0.6836 -0.0538 0.8353 -0.5471
-0.128578 1.83428 -0.05489 0.1775 0.6948 -0.0955 0.2793 -0.9554
-0.301323 1.8118 -0.011134 0.1648 0.8311 -0.1592 0.2556 -0.9536
-0.301323 1.8118 -0.011134 0.1648 0.8311 -0.1592 0.2556 -0.9536
-0.293343 1.90388 0.031692 0.0856 0.811 -0.1357 0.8317 -0.5384
-0.128578 1.92181 -0.00562 0.1111 0.6836 -0.0538 0.8353 -0.5471
0.398868 1.8837 0.055185 0.173 0.2729 0.0862 0.1092 -0.9903
0.287693 1.85837 0.031697 0.1862 0.3635 0.1421 0.2108 -0.9671
0.287693 1.93229 0.061788 0.1295 0.355 -0.124 0.6559 -0.7446
0.176518 1.90243 0.049865 0.1332 0.4438 0.0897 0.7965 -0.598
0.287693 1.93229 0.061788 0.1295 0.355 -0.124 0.6559 -0.7446
0.287693 1.85837 0.031697 0.1862 0.3635 0.1421 0.2108 -0.9671
0.287693 1.93229 0.061788 0.1295 0.355 -0.124 0.6559 -0.7446
0.176518 1.90243 0.049865 0.1332 0.4438 0.0897 0.7965 -0.598
0.176518 1.91609 0.086647 0.1057 0.4387 -0.0681 0.9426 -0.3269
0.176518 1.91609 0.086647 0.1057 0.4387 -0.0681 0.9426 -0.3269
0.176518 1.90243 0.049865 0.1332 0.4438 0.0897 0.7965 -0.598
0.094144 1.90369 0.023847 0.13 0.5127 0.1116 0.8693 -0.4815
0.094144 1.90369 0.023847 0.13 0.5127 0.1116 0.8693 -0.4815
0.094144 1.91835 0.086647 0.084 0.4993 0.0573 0.9779 -0.2009
0.176518 1.91609 0.086647 0.1057 0.4387 -0.0681 0.9426 -0.3269
0.094144 1.91835 0.086647 0.084 0.4993 0.0573 0.9779 -0.2009
0.094144 1.90369 0.023847 0.13 0.5127 0.1116 0.8693 -0.4815
-0.128578 1.92181 -0.00562 0.1111 0.6836 -0.0538 0.8353 -0.5471
-0.128578 1.92181 -0.00562 0.1111 0.6836 -0.0538 0.8353 -0.5471
-0.128578 1.92317 0.086647 0.0438 0.6748 -0.0433 0.9988 -0.0208
0.094144 1.91835 0.086647 0.084 0.4993 0.0573 0.9779 -0.2009
-0.128578 1.92317 0.086647 0.0438 0.6748 -0.0433 0.9988 -0.0208
-0.128578 1.92181 -0.00562 0.1111 0.6836 -0.0538 0.8353 -0.5471
-0.293343 1.90388 0.031692 0.0856 0.811 -0.1357 0.8317 -0.5384
-0.293343 1.90388 0.031692 0.0856 0.811 -0.1357 0.8317 -0.5384
-0.29236 1.9081 0.089365 0.046 0.8042 -0.0668 0.9952 -0.0717
-0.128578 1.92317 0.086647 0.0438 0.6748 -0.0433 0.9988 -0.0208
-0.29236 1.9081 0.089365 0.046 0.8042 -0.0668 0.9952 -0.0717
-0.293343 1.90388 0.031692 0.0856 0.811 -0.1357 0.8317 -0.5384
-0.342889 1.90211 0.035087 0.076 0.8501 0.7293 0.5301 -0.4326
-0.342889 1.90211 0.035087 0.076 0.8501 0.7293 0.5301 -0.4326
-0.293343 1.90388 0.031692 0.0856 0.811 -0.1357 0.8317 -0.5384
-0.301323 1.8118 -0.011134 0.1648 0.8311 -0.1592 0.2556 -0.9536
-0.301323 1.8118 -0.011134 0.1648 0.8311 -0.1592 0.2556 -0.9536
-0.350575 1.8133 -0.006214 0.1542 0.8691 0.6326 0.1705 -0.7555
-0.342889 1.90211 0.035087 0.076 0.8501 0.7293 0.5301 -0.4326
-0.348774 1.92669 0.018609 0.0662 0.8716 0.5263 0.6789 -0.5119
-0.342889 1.90211 0.035087 0.076 0.8501 0.7293 0.5301 -0.4326
-0.350575 1.8133 -0.006214 0.1542 0.8691 0.6326 0.1705 -0.7555
-0.350575 1.8133 -0.006214 0.1542 0.8691 0.6326 0.1705 -0.7555
-0.356749 1.82254 -0.034816 0.1458 0.8926 0.5518 0.1873 -0.8127
-0.348774 1.92669 0.018609 0.0662 0.8716 0.5263 0.6789 -0.512
-0.356749 1.82254 -0.034816 0.1458 0.8926 0.5518 0.1873 -0.8127
-0.350575 1.8133 -0.006214 0.1542 0.8691 0.6326 0.1705 -0.7555
-0.361033 1.61093 -0.027277 0.3015 0.9014 0.6733 -0.5487 -0.4955
-0.361033 1.61093 -0.027277 0.3015 0.9014 0.6733 -0.5487 -0.4955
-0.370484 1.59759 -0.046357 0.2991 0.9092 0.3051 -0.6277 -0.7162
-0.356749 1.82254 -0.034816 0.1458 0.8926 0.5518 0.1873 -0.8127
-0.342889 1.90211 0.035087 0.076 0.8501 0.7293 0.5301 -0.4325
-0.341953 1.90611 0.089842 0.0387 0.8354 0.6442 0.7619 -0.0667
-0.29236 1.9081 0.089365 0.046 0.8042 -0.0668 0.9952 -0.0717
-0.34672 1.93677 0.089442 0.0244 0.8511 0.6027 0.7879 -0.1261
-0.341953 1.90611 0.089842 0.0387 0.8354 0.6442 0.7619 -0.0667
-0.342889 1.90211 0.035087 0.076 0.8501 0.7293 0.5301 -0.4326
-0.342889 1.90211 0.035087 0.076 0.8501 0.7293 0.5301 -0.4326
-0.348774 1.92669 0.018609 0.0662 0.8716 0.5263 0.6789 -0.5119
-0.34672 1.93677 0.089442 0.0244 0.8511 0.6027 0.7879 -0.1261
-0.34672 1.93677 0.089442 0.0244 0.8511 0.6027 0.7879 -0.1261
-0.348774 1.92669 0.018609 0.0662 0.8716 0.5263 0.6789 -0.512
-0.376664 1.92489 0.020398 0.0591 0.8916 -0.0844 0.8067 -0.5849
-0.376664 1.92489 0.020398 0.0591 0.8916 -0.0844 0.8067 -0.5849
-0.348774 1.92669 0.018609 0.0662 0.8716 0.5263 0.679 -0.5119
-0.356749 1.82254 -0.034816 0.1458 0.8926 0.5518 0.1873 -0.8127
-0.356749 1.82254 -0.034816 0.1458 0.8926 0.5518 0.1873 -0.8127
-0.384467 1.82321 -0.032091 0.1412 0.9141 -0.0881 0.2608 -0.9614
-0.376664 1.92489 0.020398 0.0591 0.8916 -0.0844 0.8067 -0.5849
-0.397809 1.60316 -0.042314 0.2913 0.9268 -0.2304 -0.62 -0.75
-0.384467 1.82321 -0.032091 0.1412 0.9141 -0.0881 0.2608 -0.9614
-0.356749 1.82254 -0.034816 0.1458 0.8926 0.5518 0.1873 -0.8127
-0.356749 1.82254 -0.034816 0.1458 0.8926 0.5518 0.1873 -0.8127
-0.370484 1.59759 -0.046357 0.2991 0.9092 0.3052 -0.6277 -0.7162
-0.397809 1.60316 -0.042314 0.2913 0.9268 -0.2304 -0.62 -0.75
-0.397809 1.60316 -0.042314 0.2913 0.9268 -0.2304 -0.62 -0.75
-0.370484 1.59759 -0.046357 0.2991 0.9092 0.3051 -0.6277 -0.7162
-0.368013 1.58433 0.089848 0.3625 0.9839 0.509 -0.855 -0.0995
-0.359962 1.61063 0.089777 0.3667 0.9634 0.9552 -0.2924 -0.0458
-0.368013 1.58433 0.089848 0.3625 0.9839 0.509 -0.855 -0.0995
-0.370484 1.59759 -0.046357 0.2991 0.9092 0.9552 -0.2924 -0.0458
-0.368013 1.58433 0.089848 0.3625 0.9839 0.509 -0.855 -0.0995
-0.395549 1.58869 0.090083 0.3506 1 -0.1566 -0.9821 -0.1046
-0.397809 1.60316 -0.042314 0.2913 0.9268 -0.2304 -0.62 -0.75
-0.376664 1.92489 0.020398 0.0591 0.8916 -0.0844 0.8067 -0.5849
-0.374651 1.93564 0.089695 0.0151 0.8706 -0.0413 0.9875 -0.152
-0.34672 1.93677 0.089442 0.0244 0.8511 0.6027 0.7879 -0.1261
0.671007 1.95155 0.072187 0.126 0.0583 0.141 0.0637 -0.988
0.515405 1.91381 0.063689 0.1503 0.1805 0.0373 0.0612 -0.9974
0.515405 2.03686 0.076006 0.063 0.1742 -0.1575 0.425 -0.8914
0.515405 2.03686 0.076006 0.063 0.1742 -0.1575 0.425 -0.8914
0.61847 2.08023 0.079773 0.0383 0.0927 -0.0099 0.1281 -0.9917
0.671007 1.95155 0.072187 0.126 0.0583 0.141 0.0637 -0.988
0.398868 1.9832 0.07224 0.1006 0.2661 -0.185 0.5119 -0.8389
0.515405 2.03686 0.076006 0.063 0.1742 -0.1575 0.425 -0.8914
0.515405 1.91381 0.063689 0.1503 0.1805 0.0373 0.0612 -0.9974
0.515405 1.91381 0.063689 0.1503 0.1805 0.0373 0.0612 -0.9974
0.398868 1.8837 0.055185 0.173 0.2729 0.0862 0.1092 -0.9903
0.398868 1.9832 0.07224 0.1006 0.2661 -0.185 0.5119 -0.8389
0.515405 1.78096 0.063318 0.244 0.1862 0.0605 0.0031 -0.9982
0.398868 1.8837 0.055185 0.173 0.2729 0.0862 0.1092 -0.9903
0.515405 1.91381 0.063689 0.1503 0.1805 0.0373 0.0612 -0.9974
0.694106 1.77968 0.071875 0.2401 0.0475 0.1677 0.0068 -0.9858
0.515405 1.78096 0.063318 0.244 0.1862 0.0605 0.0031 -0.9982
0.515405 1.91381 0.063689 0.1503 0.1805 0.0373 0.0612 -0.9974
0.515405 1.91381 0.063689 0.1503 0.1805 0.0373 0.0612 -0.9974
0.671007 1.95155 0.072187 0.126 0.0583 0.141 0.0637 -0.988
0.694106 1.77968 0.071875 0.2401 0.0475 0.1677 0.0068 -0.9858
0.746636 1.78455 0.086647 0.239 0.00510001 0.2677 0.0112 -0.9634
0.694106 1.77968 0.071875 0.2401 0.0475 0.1677 0.0068 -0.9858
0.671007 1.95155 0.072187 0.126 0.0583 0.141 0.0637 -0.988
0.671007 1.95155 0.072187 0.126 0.0583 0.141 0.0637 -0.988
0.724202 1.97622 0.086647 0.1117 0.0148 0.2084 0.0771 -0.975
0.746636 1.78455 0.086647 0.239 0.00510001 0.2677 0.0112 -0.9634
0.724202 1.97622 0.086647 0.1117 0.0148 0.2084 0.0771 -0.975
0.671007 1.95155 0.072187 0.126 0.0583 0.141 0.0637 -0.988
0.61847 2.08023 0.079773 0.0383 0.0927 -0.0099 0.1281 -0.9917
0.61847 2.08023 0.079773 0.0383 0.0927 -0.0099 0.1281 -0.9917
0.658648 2.14087 0.086647 0.0002 0.0584 0.0362 0.0889 -0.9954
0.724202 1.97622 0.086647 0.1117 0.0148 0.2084 0.0771 -0.975
0.515405 2.04708 0.086647 0.0531 0.1744 -0.2786 0.6585 -0.6991
0.658648 2.14087 0.086647 0.0002 0.0584 0.0362 0.0889 -0.9954
0.61847 2.08023 0.079773 0.0383 0.0927 -0.0099 0.1281 -0.9917
0.694106 1.77968 0.071875 0.2401 0.0475 0.1677 0.0068 -0.9858
0.746636 1.78455 0.086647 0.239 0.00510001 0.2677 0.0112 -0.9634
0.735766 1.59417 0.086647 0.3635 0.0203 0.2492 -0.0449 -0.9674
0.287693 1.93229 0.061788 0.1295 0.355 -0.124 0.6559 -0.7446
0.398868 1.9832 0.07224 0.1006 0.2661 -0.185 0.5119 -0.8389
0.398868 1.8837 0.055185 0.173 0.2729 0.0862 0.1092 -0.9903
0.61847 2.08023 0.079773 0.0383 0.0927 -0.0099 0.1281 -0.9917
0.515405 2.03686 0.076006 0.063 0.1742 -0.1575 0.425 -0.8914
0.515405 2.04708 0.086647 0.0531 0.1744 -0.2786 0.6585 -0.6991
0.398868 1.99342 0.086647 0.0879 0.2666 -0.3392 0.7644 -0.5483
0.515405 2.04708 0.086647 0.0531 0.1744 -0.2786 0.6585 -0.6991
0.515405 2.03686 0.076006 0.063 0.1742 -0.1575 0.425 -0.8914
0.515405 2.03686 0.076006 0.063 0.1742 -0.1575 0.425 -0.8914
0.398868 1.9832 0.07224 0.1006 0.2661 -0.185 0.5119 -0.8389
0.398868 1.99342 0.086647 0.0879 0.2666 -0.3392 0.7644 -0.5483
0.287693 1.94335 0.086647 0.1103 0.3547 -0.2932 0.87 -0.3964
0.398868 1.99342 0.086647 0.0879 0.2666 -0.3392 0.7644 -0.5483
0.398868 1.9832 0.07224 0.1006 0.2661 -0.185 0.5119 -0.8389
0.398868 1.9832 0.07224 0.1006 0.2661 -0.185 0.5119 -0.8389
0.287693 1.93229 0.061788 0.1295 0.355 -0.124 0.6559 -0.7446
0.287693 1.94335 0.086647 0.1103 0.3547 -0.2932 0.87 -0.3964
0.176518 1.91609 0.086647 0.1057 0.4387 -0.0681 0.9426 -0.3269
0.287693 1.94335 0.086647 0.1103 0.3547 -0.2932 0.87 -0.3964
0.287693 1.93229 0.061788 0.1295 0.355 -0.124 0.6559 -0.7446
0.654046 1.49298 0.07357 0.427 0.0875 0.3367 -0.0396 -0.9408
0.654046 1.49298 0.098016 0.427 0.0875 1 0.0029 -0
0.711608 1.46405 0.086646 0.4485 0.0431 0.2664 0.128 -0.9553
0.654046 1.49298 0.098016 0.427 0.0875 1 0.0029 -0
0.654046 1.49298 0.07357 0.427 0.0875 0.3366 -0.0396 -0.9408
0.722219 1.53129 0.086646 0.4048 0.0328 0.2718 -0.1598 -0.949
0.735766 1.59417 0.086647 0.3635 0.0203 0.2492 -0.0449 -0.9674
0.722219 1.53129 0.086646 0.4048 0.0328 0.2718 -0.1598 -0.949
0.654046 1.49298 0.07357 0.427 0.0875 0.3366 -0.0396 -0.9408
0.654046 1.49298 0.07357 0.427 0.0875 0.3366 -0.0396 -0.9408
0.682577 1.61601 0.071569 0.3477 0.0622 0.1587 -0.0285 -0.9869
0.735766 1.59417 0.086647 0.3635 0.0203 0.2492 -0.0449 -0.9674
0.735766 1.59417 0.086647 0.3635 0.0203 0.2492 -0.0449 -0.9674
0.682577 1.61601 0.071569 0.3477 0.0622 0.1587 -0.0285 -0.9869
0.694106 1.77968 0.071875 0.2401 0.0475 0.1677 0.0068 -0.9858
0.694106 1.77968 0.071875 0.2401 0.0475 0.1677 0.0068 -0.9858
0.682577 1.61601 0.071569 0.3477 0.0622 0.1587 -0.0285 -0.9869
0.515405 1.64812 0.062953 0.3379 0.1906 0.0533 -0.0193 -0.9984
0.515405 1.64812 0.062953 0.3379 0.1906 0.0533 -0.0193 -0.9984
0.515405 1.78096 0.063318 0.244 0.1862 0.0605 0.0031 -0.9982
0.694106 1.77968 0.071875 0.2401 0.0475 0.1677 0.0068 -0.9858
0.398868 1.67343 0.054337 0.3245 0.281 0.1221 -0.0379 -0.9918
0.515405 1.78096 0.063318 0.244 0.1862 0.0605 0.0031 -0.9982
0.515405 1.64812 0.062953 0.3379 0.1906 0.0533 -0.0193 -0.9984
0.398868 1.8837 0.055185 0.173 0.2729 0.0862 0.1092 -0.9903
0.515405 1.78096 0.063318 0.244 0.1862 0.0605 0.0031 -0.9982
0.398868 1.67343 0.054337 0.3245 0.281 0.1221 -0.0379 -0.9918
0.287693 1.85837 0.031697 0.1862 0.3635 0.1421 0.2108 -0.9671
0.398868 1.8837 0.055185 0.173 0.2729 0.0862 0.1092 -0.9903
0.398868 1.67343 0.054337 0.3245 0.281 0.1221 -0.0379 -0.9918
0.515405 1.64812 0.062953 0.3379 0.1906 0.0533 -0.0193 -0.9984
0.682577 1.61601 0.071569 0.3477 0.0622 0.1587 -0.0285 -0.9869
0.654046 1.49298 0.07357 0.427 0.0875 0.3366 -0.0396 -0.9408
0.515405 1.4732 0.068732 0.4614 0.1953 -0.0982 -0.2295 -0.9683
0.654046 1.49298 0.07357 0.427 0.0875 0.3366 -0.0396 -0.9408
0.631218 1.39539 0.075171 0.4934 0.11 0.0024 -0.129 -0.9916
0.654046 1.49298 0.07357 0.427 0.0875 0.3366 -0.0396 -0.9408
0.515405 1.4732 0.068732 0.4614 0.1953 -0.0982 -0.2295 -0.9683
0.515405 1.64812 0.062953 0.3379 0.1906 0.0533 -0.0193 -0.9984
0.515405 1.64812 0.062953 0.3379 0.1906 0.0533 -0.0193 -0.9984
0.515405 1.4732 0.068732 0.4614 0.1953 -0.0982 -0.2295 -0.9683
0.398868 1.54055 0.0623 0.4202 0.2834 -0.1051 -0.3127 -0.944
0.398868 1.54055 0.0623 0.4202 0.2834 -0.1051 -0.3127 -0.944
0.398868 1.67343 0.054337 0.3245 0.281 0.1221 -0.0379 -0.9918
0.515405 1.64812 0.062953 0.3379 0.1906 0.0533 -0.0193 -0.9984
0.398868 1.67343 0.054337 0.3245 0.281 0.1221 -0.0379 -0.9918
0.398868 1.54055 0.0623 0.4202 0.2834 -0.1051 -0.3127 -0.944
0.287693 1.59965 0.044792 0.373 0.3694 -0.0348 -0.461 -0.8867
0.287693 1.59965 0.044792 0.373 0.3694 -0.0348 -0.461 -0.8867
0.287693 1.56285 0.086647 0.4121 0.3694 -0.2524 -0.7065 -0.6612
0.176518 1.59441 0.086647 0.4004 0.45 -0.0683 -0.8864 -0.4579
0.287693 1.56285 0.086647 0.4121 0.3694 -0.2524 -0.7065 -0.6612
0.287693 1.59965 0.044792 0.373 0.3694 -0.0348 -0.461 -0.8867
0.398868 1.54055 0.0623 0.4202 0.2834 -0.1051 -0.3127 -0.944
0.398868 1.54055 0.0623 0.4202 0.2834 -0.1051 -0.3127 -0.944
0.398868 1.50288 0.085964 0.4512 0.2847 -0.2611 -0.5035 -0.8236
0.287693 1.56285 0.086647 0.4121 0.3694 -0.2524 -0.7065 -0.6612
0.398868 1.50288 0.085964 0.4512 0.2847 -0.2611 -0.5035 -0.8236
0.398868 1.54055 0.0623 0.4202 0.2834 -0.1051 -0.3127 -0.944
0.515405 1.4732 0.068732 0.4614 0.1953 -0.0982 -0.2295 -0.9683
0.515405 1.4732 0.068732 0.4614 0.1953 -0.0982 -0.2295 -0.9683
0.515405 1.43632 0.08587 0.489 0.1973 -0.2237 -0.3915 -0.8926
0.398868 1.50288 0.085964 0.4512 0.2847 -0.2611 -0.5035 -0.8236
0.515405 1.43632 0.08587 0.489 0.1973 -0.2237 -0.3915 -0.8926
0.515405 1.4732 0.068732 0.4614 0.1953 -0.0982 -0.2295 -0.9683
0.631218 1.39539 0.075171 0.4934 0.11 0.0024 -0.129 -0.9916
0.631218 1.39539 0.075171 0.4934 0.11 0.0024 -0.129 -0.9916
0.658648 1.32452 0.086646 0.5425 0.0928 0.0257 -0.1501 -0.9883
0.515405 1.43632 0.08587 0.489 0.1973 -0.2237 -0.3915 -0.8926
0.631218 1.39539 0.075171 0.4934 0.11 0.0024 -0.129 -0.9916
0.692275 1.35996 0.086646 0.5166 0.0614 0.1425 -0.074 -0.987
0.658648 1.32452 0.086646 0.5425 0.0928 0.0257 -0.1501 -0.9883
0.711608 1.46405 0.086646 0.4485 0.0431 0.2665 0.128 -0.9553
0.692275 1.35996 0.086646 0.5166 0.0614 0.1425 -0.074 -0.987
0.631218 1.39539 0.075171 0.4934 0.11 0.0024 -0.129 -0.9916
0.631218 1.39539 0.075171 0.4934 0.11 0.0024 -0.129 -0.9916
0.654046 1.49298 0.07357 0.427 0.0875 0.3366 -0.0396 -0.9408
0.711608 1.46405 0.086646 0.4485 0.0431 0.2665 0.128 -0.9553
0.654046 1.49298 0.098016 0.427 0.0875 0.0978 -0.0353 0.9946
0.515405 1.47255 0.103036 0.4609 0.1952 -0.0989 -0.233 0.9674
0.631218 1.3946 0.096404 0.4934 0.11 -0.01 -0.1205 0.9927
0.692275 1.35996 0.086646 0.5166 0.0614 0.1253 -0.0706 0.9896
0.711608 1.46405 0.086646 0.4485 0.0431 0.1777 -0.033 0.9835
0.654046 1.49298 0.098016 0.427 0.0875 0.0978 -0.0353 0.9946
0.654046 1.49298 0.098016 0.427 0.0875 0.0978 -0.0353 0.9946
0.631218 1.3946 0.096404 0.4934 0.11 -0.01 -0.1205 0.9927
0.692275 1.35996 0.086646 0.5166 0.0614 0.1253 -0.0706 0.9896
0.692275 1.35996 0.086646 0.5166 0.0614 0.1253 -0.0706 0.9896
0.631218 1.3946 0.096404 0.4934 0.11 -0.01 -0.1205 0.9927
0.658648 1.32452 0.086646 0.5425 0.0928 0.0176 -0.1311 0.9912
0.515405 1.43632 0.08587 0.489 0.1973 -0.2259 -0.3956 0.8902
0.658648 1.32452 0.086646 0.5425 0.0928 0.0176 -0.1311 0.9912
0.631218 1.3946 0.096404 0.4934 0.11 -0.01 -0.1205 0.9927
0.631218 1.3946 0.096404 0.4934 0.11 -0.01 -0.1205 0.9927
0.515405 1.47255 0.103036 0.4609 0.1952 -0.0989 -0.233 0.9674
0.515405 1.43632 0.08587 0.489 0.1973 -0.2259 -0.3956 0.8902
0.398868 1.50288 0.085964 0.4512 0.2847 -0.2603 -0.5096 0.8201
0.515405 1.43632 0.08587 0.489 0.1973 -0.2259 -0.3956 0.8902
0.515405 1.47255 0.103036 0.4609 0.1952 -0.0989 -0.233 0.9674
0.654046 1.49298 0.098016 0.427 0.0875 0.0978 -0.0353 0.9946
0.722219 1.53129 0.086646 0.4048 0.0328 0.1863 -0.0401 0.9817
0.735766 1.59417 0.086647 0.3638 0.0203 0.2224 -0.0408 0.9741
0.094144 1.69358 0.223752 0.2957 0.5381 0.3356 -0.18 0.9247
0.094144 1.63115 0.190101 0.3452 0.5352 0.4055 -0.5701 0.7145
0.176518 1.62675 0.146086 0.353 0.4585 0.2081 -0.6268 0.7509
0.176518 1.59441 0.086647 0.4004 0.45 -0.0662 -0.8902 0.4508
0.176518 1.62675 0.146086 0.353 0.4585 0.2081 -0.6268 0.7509
0.094144 1.63115 0.190101 0.3452 0.5352 0.4055 -0.5701 0.7145
0.287693 1.59919 0.127877 0.3733 0.3689 -0.0303 -0.4619 0.8864
0.176518 1.62675 0.146086 0.353 0.4585 0.2081 -0.6268 0.7509
0.176518 1.59441 0.086647 0.4004 0.45 -0.0662 -0.8902 0.4508
0.176518 1.59441 0.086647 0.4004 0.45 -0.0662 -0.8902 0.4508
0.287693 1.56285 0.086647 0.4121 0.3694 -0.2499 -0.707 0.6616
0.287693 1.59919 0.127877 0.3733 0.3689 -0.0303 -0.4619 0.8864
0.398868 1.54004 0.109669 0.4199 0.283 -0.1021 -0.3157 0.9434
0.287693 1.59919 0.127877 0.3733 0.3689 -0.0303 -0.4619 0.8864
0.287693 1.56285 0.086647 0.4121 0.3694 -0.2499 -0.707 0.6616
0.287693 1.56285 0.086647 0.4121 0.3694 -0.2499 -0.707 0.6616
0.398868 1.50288 0.085964 0.4512 0.2847 -0.2603 -0.5096 0.8201
0.398868 1.54004 0.109669 0.4199 0.283 -0.1021 -0.3157 0.9433
0.515405 1.47255 0.103036 0.4609 0.1952 -0.0989 -0.233 0.9674
0.398868 1.54004 0.109669 0.4199 0.283 -0.1021 -0.3157 0.9434
0.398868 1.50288 0.085964 0.4512 0.2847 -0.2603 -0.5096 0.8201
0.398868 1.54004 0.109669 0.4199 0.283 -0.1021 -0.3157 0.9434
0.515405 1.47255 0.103036 0.4609 0.1952 -0.0989 -0.233 0.9674
0.515405 1.64724 0.108857 0.3376 0.1904 0.0548 -0.0196 0.9983
0.515405 1.64724 0.108857 0.3376 0.1904 0.0548 -0.0196 0.9983
0.515405 1.47255 0.103036 0.4609 0.1952 -0.0989 -0.233 0.9674
0.654046 1.49298 0.098016 0.427 0.0875 0.0978 -0.0353 0.9946
0.654046 1.49298 0.098016 0.427 0.0875 0.0978 -0.0353 0.9946
0.682577 1.61494 0.100029 0.3477 0.0619 0.1449 -0.027 0.9891
0.515405 1.64724 0.108857 0.3376 0.1904 0.0548 -0.0196 0.9983
0.094144 1.63115 0.190101 0.3452 0.5352 0.4055 -0.5701 0.7145
0.094144 1.60177 0.086647 0.4158 0.5015 0.4734 -0.8426 0.2569
0.176518 1.59441 0.086647 0.4004 0.45 -0.0662 -0.8902 0.4508
-0.015454 1.44671 0.155573 0.469 0.6426 0.6304 -0.4653 0.6214
0.007174 1.44671 0.086646 0.501 0.5977 0.8385 -0.4703 0.2753
0.094144 1.60177 0.086647 0.4158 0.5015 0.4734 -0.8426 0.2569
0.094144 1.60177 0.086647 0.4158 0.5015 0.4734 -0.8426 0.2569
0.094144 1.63115 0.190101 0.3452 0.5352 0.4055 -0.5701 0.7145
-0.015454 1.44671 0.155573 0.469 0.6426 0.6304 -0.4653 0.6214
-0.128578 1.44671 0.206349 0.4485 0.7319 -0.0545 -0.2444 0.9681
-0.015454 1.44671 0.155573 0.469 0.6426 0.6304 -0.4653 0.6214
0.094144 1.63115 0.190101 0.3452 0.5352 0.4055 -0.5701 0.7145
-0.128578 1.60193 0.237011 0.3389 0.7192 -0.0204 -0.1371 0.9903
-0.128578 1.44671 0.206349 0.4485 0.7319 -0.0545 -0.2444 0.9681
0.094144 1.63115 0.190101 0.3452 0.5352 0.4055 -0.5701 0.7145
-0.238282 1.44671 0.157379 0.4468 0.8208 -0.6691 -0.3707 0.6441
-0.128578 1.44671 0.206349 0.4485 0.7319 -0.0545 -0.2444 0.9681
-0.128578 1.60193 0.237011 0.3389 0.7192 -0.0204 -0.1371 0.9903
-0.128578 1.60193 0.237011 0.3389 0.7192 -0.0204 -0.1371 0.9903
-0.309903 1.60193 0.214465 0.3201 0.8652 -0.3693 -0.4316 0.823
-0.238282 1.44671 0.157379 0.4468 0.8208 -0.6691 -0.3707 0.6441
-0.238282 1.44671 0.157379 0.4468 0.8208 -0.6691 -0.3707 0.6441
-0.309903 1.60193 0.214465 0.3201 0.8652 -0.3693 -0.4316 0.823
-0.311021 1.60193 0.089365 0.3838 0.937 -0.6217 -0.7818 0.0469
-0.311021 1.60193 0.089365 0.3838 0.937 -0.6217 -0.7818 0.0469
-0.26111 1.44671 0.086646 0.4744 0.8643 -0.9086 -0.2973 0.2932
-0.238282 1.44671 0.157379 0.4468 0.8208 -0.6691 -0.3707 0.6441
-0.128578 1.60193 0.237011 0.3389 0.7192 -0.0204 -0.1371 0.9904
0.094144 1.63115 0.190101 0.3452 0.5352 0.4055 -0.5701 0.7145
0.094144 1.69358 0.223752 0.2957 0.5381 0.3356 -0.18 0.9247
-0.128578 1.60193 0.237011 0.3389 0.7192 -0.0204 -0.1371 0.9903
0.094144 1.69358 0.223752 0.2957 0.5381 0.3356 -0.18 0.9247
0.094144 1.84528 0.224287 0.191 0.5278 0.2663 0.3801 0.8858
-0.299481 1.81128 0.193214 0.1648 0.8311 -0.1534 0.2722 0.9499
-0.309903 1.60193 0.214465 0.3201 0.8652 -0.3693 -0.4316 0.823
-0.128578 1.60193 0.237011 0.3389 0.7192 -0.0204 -0.1371 0.9904
-0.358897 1.61033 0.209721 0.3015 0.9014 0.696 -0.5013 0.5142
-0.309903 1.60193 0.214465 0.3201 0.8652 -0.3693 -0.4316 0.823
-0.299481 1.81128 0.193214 0.1648 0.8311 -0.1534 0.2722 0.9499
-0.311021 1.60193 0.089365 0.3838 0.937 -0.6217 -0.7818 0.0469
-0.309903 1.60193 0.214465 0.3201 0.8652 -0.3693 -0.4316 0.823
-0.358897 1.61033 0.209721 0.3015 0.9014 0.696 -0.5012 0.5142
-0.358897 1.61033 0.209721 0.3015 0.9014 0.696 -0.5012 0.5142
-0.359962 1.61063 0.089777 0.3669 0.9644 0.5213 -0.8533 -0.0062
-0.311021 1.60193 0.089365 0.3838 0.937 -0.6217 -0.7818 0.0469
-0.368013 1.58433 0.089848 0.3625 0.9839 0.503 -0.8619 0.0639
-0.359962 1.61063 0.089777 0.3669 0.9644 0.5213 -0.8533 -0.0068
-0.358897 1.61033 0.209721 0.3015 0.9014 0.696 -0.5012 0.5142
-0.358897 1.61033 0.209721 0.3015 0.9014 0.696 -0.5012 0.5142
-0.368001 1.59691 0.22883 0.2991 0.9092 0.3718 -0.6201 0.6908
-0.368013 1.58433 0.089848 0.3625 0.9839 0.503 -0.8619 0.0639
-0.368013 1.58433 0.089848 0.3625 0.9839 0.503 -0.8619 0.0639
-0.368001 1.59691 0.22883 0.2991 0.9092 0.3718 -0.6201 0.6908
-0.395396 1.6025 0.225258 0.2913 0.9268 -0.2184 -0.6235 0.7507
-0.395396 1.6025 0.225258 0.2913 0.9268 -0.2184 -0.6235 0.7507
-0.368001 1.59691 0.22883 0.2991 0.9092 0.3718 -0.6201 0.6908
-0.354442 1.82283 0.217496 0.1458 0.8926 0.5622 0.1973 0.8031
-0.354442 1.82283 0.217496 0.1458 0.8926 0.5622 0.1973 0.8031
-0.382213 1.82343 0.215224 0.1412 0.9141 -0.0722 0.2806 0.9571
-0.395396 1.6025 0.225258 0.2913 0.9268 -0.2184 -0.6235 0.7507
-0.375169 1.92736 0.155526 0.0591 0.8916 -0.0727 0.8281 0.5559
-0.382213 1.82343 0.215224 0.1412 0.9141 -0.0722 0.2806 0.9571
-0.354442 1.82283 0.217496 0.1458 0.8926 0.5622 0.1973 0.8031
-0.395396 1.6025 0.225258 0.2913 0.9268 -0.2184 -0.6235 0.7507
-0.395549 1.58869 0.090083 0.3506 1 -0.155 -0.9828 0.1006
-0.368013 1.58433 0.089848 0.3625 0.9839 0.503 -0.8619 0.0639
0.094144 1.90556 0.153125 0.13 0.5127 0.1268 0.8734 0.4702
-0.128578 1.92365 0.185863 0.1114 0.6841 -0.0509 0.8369 0.545
-0.128578 1.83363 0.235198 0.1775 0.6948 -0.086 0.2719 0.9585
-0.299481 1.81128 0.193214 0.1648 0.8311 -0.1534 0.2722 0.9499
-0.128578 1.83363 0.235198 0.1775 0.6948 -0.086 0.2719 0.9585
-0.128578 1.92365 0.185863 0.1114 0.6841 -0.0509 0.8369 0.545
-0.128578 1.92365 0.185863 0.1114 0.6841 -0.0509 0.8369 0.545
-0.292107 1.90576 0.143349 0.0856 0.811 -0.1361 0.8557 0.4992
-0.299481 1.81128 0.193214 0.1648 0.8311 -0.1534 0.2722 0.9499
-0.299481 1.81128 0.193214 0.1648 0.8311 -0.1534 0.2722 0.9499
-0.292107 1.90576 0.143349 0.0856 0.811 -0.1361 0.8557 0.4992
-0.341718 1.90389 0.140972 0.076 0.8501 0.7357 0.5608 0.3798
-0.341718 1.90389 0.140972 0.076 0.8501 0.7357 0.5608 0.3798
-0.348827 1.81266 0.189118 0.1542 0.8691 0.6503 0.1727 0.7398
-0.299481 1.81128 0.193214 0.1648 0.8311 -0.1534 0.2722 0.9499
-0.354442 1.82283 0.217496 0.1458 0.8926 0.5622 0.1973 0.8031
-0.348827 1.81266 0.189118 0.1542 0.8691 0.6503 0.1727 0.7398
-0.341718 1.90389 0.140972 0.076 0.8501 0.7357 0.5608 0.3798
-0.348827 1.81266 0.189118 0.1542 0.8691 0.6503 0.1727 0.7398
-0.354442 1.82283 0.217496 0.1458 0.8926 0.5622 0.1973 0.8031
-0.368001 1.59691 0.22883 0.2991 0.9092 0.3718 -0.6201 0.6908
-0.368001 1.59691 0.22883 0.2991 0.9092 0.3718 -0.6201 0.6908
-0.358897 1.61033 0.209721 0.3015 0.9014 0.696 -0.5012 0.5142
-0.348827 1.81266 0.189118 0.1542 0.8691 0.6503 0.1727 0.7398
-0.299481 1.81128 0.193214 0.1648 0.8311 -0.1534 0.2722 0.9499
-0.348827 1.81266 0.189118 0.1542 0.8691 0.6503 0.1727 0.7398
-0.358897 1.61033 0.209721 0.3015 0.9014 0.696 -0.5012 0.5142
-0.341718 1.90389 0.140972 0.076 0.8501 0.7357 0.5608 0.3798
-0.347238 1.92916 0.156744 0.0662 0.8716 0.5389 0.6987 0.4705
-0.354442 1.82283 0.217496 0.1458 0.8926 0.5622 0.1973 0.8031
-0.354442 1.82283 0.217496 0.1458 0.8926 0.5622 0.1973 0.8031
-0.347238 1.92916 0.156744 0.0662 0.8716 0.5389 0.6987 0.4705
-0.375169 1.92736 0.155526 0.0591 0.8916 -0.0727 0.828 0.5559
-0.375169 1.92736 0.155526 0.0591 0.8916 -0.0727 0.828 0.5559
-0.347238 1.92916 0.156744 0.0662 0.8716 0.5389 0.6987 0.4705
-0.34672 1.93677 0.089442 0.0244 0.8511 0.6079 0.7877 0.1003
-0.341953 1.90611 0.089842 0.0387 0.8354 0.6402 0.7671 0.0422
-0.34672 1.93677 0.089442 0.0244 0.8511 0.6079 0.7877 0.1003
-0.347238 1.92916 0.156744 0.0662 0.8716 0.5389 0.6987 0.4705
-0.347238 1.92916 0.156744 0.0662 0.8716 0.5389 0.6987 0.4705
-0.341718 1.90389 0.140972 0.076 0.8501 0.7357 0.5608 0.3798
-0.341953 1.90611 0.089842 0.0387 0.8354 0.6402 0.7671 0.0423
-0.29236 1.9081 0.089365 0.0461 0.8047 -0.0654 0.9969 0.0436
-0.341953 1.90611 0.089842 0.0387 0.8354 0.6402 0.7671 0.0422
-0.341718 1.90389 0.140972 0.076 0.8501 0.7357 0.5608 0.3798
-0.341718 1.90389 0.140972 0.076 0.8501 0.7357 0.5608 0.3798
-0.292107 1.90576 0.143349 0.0856 0.811 -0.1361 0.8557 0.4992
-0.29236 1.9081 0.089365 0.0461 0.8047 -0.0654 0.9969 0.0436
-0.128578 1.92317 0.086647 0.0438 0.6748 -0.041 0.9992 0.0001
-0.29236 1.9081 0.089365 0.0461 0.8047 -0.0654 0.9969 0.0436
-0.292107 1.90576 0.143349 0.0856 0.811 -0.1361 0.8557 0.4992
-0.292107 1.90576 0.143349 0.0856 0.811 -0.1361 0.8557 0.4992
-0.128578 1.92365 0.185863 0.1114 0.6841 -0.0509 0.8369 0.545
-0.128578 1.92317 0.086647 0.0438 0.6748 -0.041 0.9992 0.0001
0.094144 1.91835 0.086647 0.084 0.4993 0.056 0.985 0.1632
-0.128578 1.92317 0.086647 0.0438 0.6748 -0.041 0.9992 0.0001
-0.128578 1.92365 0.185863 0.1114 0.6841 -0.0509 0.8369 0.545
-0.128578 1.92365 0.185863 0.1114 0.6841 -0.0509 0.8369 0.545
0.094144 1.90556 0.153125 0.13 0.5127 0.1268 0.8734 0.4702
0.094144 1.91835 0.086647 0.084 0.4993 0.056 0.985 0.1632
0.176518 1.91609 0.086647 0.1057 0.4387 -0.063 0.9532 0.2956
0.094144 1.91835 0.086647 0.084 0.4993 0.056 0.985 0.1632
0.094144 1.90556 0.153125 0.13 0.5127 0.1268 0.8734 0.4702
-0.34672 1.93677 0.089442 0.0244 0.8511 0.6079 0.7877 0.1003
-0.374651 1.93564 0.089695 0.0151 0.8706 -0.039 0.9915 0.1245
-0.375169 1.92736 0.155526 0.0591 0.8916 -0.0727 0.828 0.5559
0.398868 1.99342 0.086647 0.0884 0.2661 -0.3284 0.7436 0.5824
0.398868 1.9832 0.099853 0.1003 0.2659 -0.1764 0.4975 0.8494
0.515405 2.03686 0.095857 0.0629 0.1738 -0.1432 0.3958 0.9071
0.398868 1.9832 0.099853 0.1003 0.2659 -0.1764 0.4975 0.8494
0.398868 1.99342 0.086647 0.0884 0.2661 -0.3284 0.7436 0.5824
0.287693 1.94335 0.086647 0.1106 0.354 -0.2908 0.868 0.4026
0.287693 1.94335 0.086647 0.1106 0.354 -0.2908 0.868 0.4026
0.287693 1.93229 0.111117 0.1294 0.3547 -0.1191 0.655 0.7462
0.398868 1.9832 0.099853 0.1003 0.2659 -0.1763 0.4975 0.8494
0.287693 1.93229 0.111117 0.1294 0.3547 -0.1191 0.655 0.7462
0.287693 1.94335 0.086647 0.1106 0.354 -0.2908 0.868 0.4026
0.176518 1.91609 0.086647 0.1057 0.4387 -0.063 0.9532 0.2956
0.176518 1.91609 0.086647 0.1057 0.4387 -0.063 0.9532 0.2956
0.176518 1.90418 0.122375 0.1332 0.4438 0.1005 0.8094 0.5786
0.287693 1.93229 0.111117 0.1294 0.3547 -0.1191 0.655 0.7462
0.094144 1.90556 0.153125 0.13 0.5127 0.1268 0.8734 0.4702
0.176518 1.90418 0.122375 0.1332 0.4438 0.1005 0.8094 0.5786
0.176518 1.91609 0.086647 0.1057 0.4387 -0.063 0.9532 0.2956
0.176518 1.90418 0.122375 0.1332 0.4438 0.1005 0.8094 0.5786
0.094144 1.90556 0.153125 0.13 0.5127 0.1268 0.8734 0.4702
0.094144 1.84528 0.224287 0.191 0.5278 0.2663 0.3801 0.8858
-0.128578 1.83363 0.235198 0.1775 0.6948 -0.086 0.2719 0.9585
0.094144 1.84528 0.224287 0.191 0.5278 0.2663 0.3801 0.8858
0.094144 1.90556 0.153125 0.13 0.5127 0.1268 0.8734 0.4702
0.094144 1.84528 0.224287 0.191 0.5278 0.2663 0.3801 0.8858
-0.128578 1.83363 0.235198 0.1775 0.6948 -0.086 0.2719 0.9585
-0.128578 1.60193 0.237011 0.3389 0.7192 -0.0204 -0.1371 0.9904
-0.128578 1.60193 0.237011 0.3389 0.7192 -0.0204 -0.1371 0.9903
-0.128578 1.83363 0.235198 0.1775 0.6948 -0.086 0.2719 0.9585
-0.299481 1.81128 0.193214 0.1648 0.8311 -0.1534 0.2722 0.9499
0.176518 1.84647 0.165466 0.1875 0.4529 0.3849 0.2976 0.8737
0.094144 1.84528 0.224287 0.191 0.5278 0.2663 0.3801 0.8858
0.094144 1.69358 0.223752 0.2957 0.5381 0.3356 -0.18 0.9247
0.094144 1.84528 0.224287 0.191 0.5278 0.2663 0.3801 0.8858
0.176518 1.84647 0.165466 0.1875 0.4529 0.3849 0.2976 0.8737
0.176518 1.90418 0.122375 0.1332 0.4438 0.1005 0.8094 0.5786
0.176518 1.90418 0.122375 0.1332 0.4438 0.1005 0.8094 0.5786
0.176518 1.84647 0.165466 0.1875 0.4529 0.3849 0.2976 0.8737
0.287693 1.85905 0.141172 0.1852 0.3633 0.1477 0.2131 0.9658
0.287693 1.85905 0.141172 0.1852 0.3633 0.1477 0.2131 0.9658
0.287693 1.93229 0.111117 0.1294 0.3547 -0.1191 0.655 0.7462
0.176518 1.90418 0.122375 0.1332 0.4438 0.1005 0.8094 0.5786
0.287693 1.93229 0.111117 0.1294 0.3547 -0.1191 0.655 0.7462
0.287693 1.85905 0.141172 0.1852 0.3633 0.1477 0.2131 0.9658
0.398868 1.8837 0.116872 0.1725 0.2727 0.0907 0.1087 0.9899
0.398868 1.8837 0.116872 0.1725 0.2727 0.0907 0.1087 0.9899
0.398868 1.9832 0.099853 0.1003 0.2659 -0.1764 0.4975 0.8494
0.287693 1.93229 0.111117 0.1294 0.3547 -0.1191 0.655 0.7462
0.398868 1.9832 0.099853 0.1003 0.2659 -0.1764 0.4975 0.8494
0.398868 1.8837 0.116872 0.1725 0.2727 0.0907 0.1087 0.9899
0.515405 1.91511 0.108151 0.149 0.1803 0.0387 0.0618 0.9973
0.515405 1.91511 0.108151 0.149 0.1803 0.0387 0.0618 0.9973
0.515405 2.03686 0.095857 0.0629 0.1738 -0.1432 0.3958 0.9071
0.398868 1.9832 0.099853 0.1003 0.2659 -0.1764 0.4975 0.8493
0.515405 2.03686 0.095857 0.0629 0.1738 -0.1432 0.3958 0.9071
0.515405 1.91511 0.108151 0.149 0.1803 0.0387 0.0618 0.9973
0.671007 1.95155 0.099429 0.1257 0.0581 0.1274 0.0603 0.99
0.671007 1.95155 0.099429 0.1257 0.0581 0.1274 0.0603 0.99
0.61847 2.08023 0.091861 0.0382 0.0925 -0.0059 0.1047 0.9945
0.515405 2.03686 0.095857 0.0629 0.1738 -0.1432 0.3958 0.9071
0.398868 1.67274 0.117685 0.3242 0.2808 0.126 -0.0383 0.9913
0.398868 1.8837 0.116872 0.1725 0.2727 0.0907 0.1087 0.9899
0.287693 1.85905 0.141172 0.1852 0.3633 0.1477 0.2131 0.9658
0.287693 1.85905 0.141172 0.1852 0.3633 0.1477 0.2131 0.9658
0.287693 1.6897 0.141843 0.3074 0.3699 0.1909 -0.083 0.9781
0.398868 1.67274 0.117685 0.3242 0.2808 0.126 -0.0383 0.9913
0.287693 1.6897 0.141843 0.3074 0.3699 0.1909 -0.083 0.9781
0.287693 1.85905 0.141172 0.1852 0.3633 0.1477 0.2131 0.9658
0.176518 1.84647 0.165466 0.1875 0.4529 0.3849 0.2976 0.8737
0.176518 1.84647 0.165466 0.1875 0.4529 0.3849 0.2976 0.8737
0.176518 1.6958 0.165995 0.2998 0.4595 0.4028 -0.1254 0.9067
0.287693 1.6897 0.141843 0.3074 0.3699 0.1909 -0.083 0.9781
0.398868 1.8837 0.116872 0.1725 0.2727 0.0907 0.1087 0.9899
0.515405 1.78118 0.108504 0.2433 0.1858 0.062 0.0029 0.9981
0.515405 1.91511 0.108151 0.149 0.1803 0.0387 0.0618 0.9973
0.398868 1.67274 0.117685 0.3242 0.2808 0.126 -0.0383 0.9913
0.515405 1.78118 0.108504 0.2433 0.1858 0.062 0.0029 0.9981
0.398868 1.8837 0.116872 0.1725 0.2727 0.0907 0.1087 0.9899
0.515405 1.78118 0.108504 0.2433 0.1858 0.062 0.0029 0.9981
0.398868 1.67274 0.117685 0.3242 0.2808 0.126 -0.0383 0.9913
0.515405 1.64724 0.108857 0.3376 0.1904 0.0548 -0.0196 0.9983
0.515405 1.64724 0.108857 0.3376 0.1904 0.0548 -0.0196 0.9983
0.398868 1.67274 0.117685 0.3242 0.2808 0.126 -0.0383 0.9913
0.398868 1.54004 0.109669 0.4199 0.283 -0.1021 -0.3157 0.9434
0.287693 1.59919 0.127877 0.3733 0.3689 -0.0303 -0.4619 0.8864
0.398868 1.54004 0.109669 0.4199 0.283 -0.1021 -0.3157 0.9434
0.398868 1.67274 0.117685 0.3242 0.2808 0.126 -0.0383 0.9913
0.398868 1.67274 0.117685 0.3242 0.2808 0.126 -0.0383 0.9913
0.287693 1.6897 0.141843 0.3074 0.3699 0.1909 -0.083 0.9781
0.287693 1.59919 0.127877 0.3733 0.3689 -0.0303 -0.4619 0.8864
0.176518 1.62675 0.146086 0.353 0.4585 0.2081 -0.6268 0.7509
0.287693 1.59919 0.127877 0.3733 0.3689 -0.0303 -0.4619 0.8864
0.287693 1.6897 0.141843 0.3074 0.3699 0.1909 -0.083 0.9781
0.287693 1.6897 0.141843 0.3074 0.3699 0.1909 -0.083 0.9781
0.176518 1.6958 0.165995 0.2998 0.4595 0.4028 -0.1254 0.9067
0.176518 1.62675 0.146086 0.353 0.4585 0.2081 -0.6268 0.7509
0.176518 1.62675 0.146086 0.353 0.4585 0.2081 -0.6268 0.7509
0.176518 1.6958 0.165995 0.2998 0.4595 0.4028 -0.1254 0.9067
0.094144 1.69358 0.223752 0.2957 0.5381 0.3356 -0.18 0.9247
0.094144 1.69358 0.223752 0.2957 0.5381 0.3356 -0.18 0.9246
0.176518 1.6958 0.165995 0.2998 0.4595 0.4028 -0.1254 0.9067
0.176518 1.84647 0.165466 0.1875 0.4529 0.3849 0.2976 0.8737
0.694106 1.77915 0.099729 0.2402 0.0473 0.1526 0.0061 0.9883
0.671007 1.95155 0.099429 0.1257 0.0581 0.1274 0.0603 0.99
0.515405 1.91511 0.108151 0.149 0.1803 0.0387 0.0618 0.9973
0.515405 1.91511 0.108151 0.149 0.1803 0.0387 0.0618 0.9973
0.515405 1.78118 0.108504 0.2433 0.1858 0.062 0.0029 0.9981
0.694106 1.77915 0.099729 0.2402 0.0473 0.1526 0.0061 0.9883
0.694106 1.77915 0.099729 0.2402 0.0473 0.1526 0.0061 0.9883
0.515405 1.78118 0.108504 0.2433 0.1858 0.062 0.0029 0.9981
0.515405 1.64724 0.108857 0.3376 0.1904 0.0548 -0.0196 0.9983
0.515405 1.64724 0.108857 0.3376 0.1904 0.0548 -0.0196 0.9983
0.682577 1.61494 0.100029 0.3477 0.0619 0.1449 -0.027 0.9891
0.694106 1.77915 0.099729 0.2402 0.0473 0.1526 0.0061 0.9883
0.735766 1.59417 0.086647 0.3638 0.0203 0.2224 -0.0408 0.9741
0.682577 1.61494 0.100029 0.3477 0.0619 0.1449 -0.027 0.9891
0.654046 1.49298 0.098016 0.427 0.0875 0.0978 -0.0353 0.9946
0.694106 1.77915 0.099729 0.2402 0.0473 0.1526 0.0061 0.9883
0.682577 1.61494 0.100029 0.3477 0.0619 0.1449 -0.027 0.9891
0.735766 1.59417 0.086647 0.3638 0.0203 0.2224 -0.0408 0.9741
0.735766 1.59417 0.086647 0.3638 0.0203 0.2224 -0.0408 0.9741
0.746636 1.78455 0.086647 0.2389 0.00520003 0.2389 0.0102 0.971
0.694106 1.77915 0.099729 0.2402 0.0473 0.1526 0.0061 0.9883
0.671007 1.95155 0.099429 0.1257 0.0581 0.1274 0.0603 0.99
0.694106 1.77915 0.099729 0.2402 0.0473 0.1526 0.0061 0.9883
0.746636 1.78455 0.086647 0.2389 0.00520003 0.2389 0.0102 0.971
0.746636 1.78455 0.086647 0.2389 0.00520003 0.2389 0.0102 0.971
0.724202 1.97622 0.086647 0.1116 0.015 0.1824 0.0702 0.9807
0.671007 1.95155 0.099429 0.1257 0.0581 0.1274 0.0603 0.99
0.61847 2.08023 0.091861 0.0382 0.0925 -0.0059 0.1047 0.9945
0.671007 1.95155 0.099429 0.1257 0.0581 0.1274 0.0603 0.99
0.724202 1.97622 0.086647 0.1116 0.015 0.1824 0.0702 0.9807
0.724202 1.97622 0.086647 0.1116 0.015 0.1824 0.0702 0.9807
0.658648 2.14087 0.086647 0.0002 0.0584 0.0275 0.0675 0.9973
0.61847 2.08023 0.091861 0.0382 0.0925 -0.0059 0.1047 0.9945
0.61847 2.08023 0.091861 0.0382 0.0925 -0.0059 0.1047 0.9945
0.658648 2.14087 0.086647 0.0002 0.0584 0.0275 0.0675 0.9973
0.515405 2.04708 0.086647 0.0536 0.174 -0.2553 0.6125 0.7481
0.515405 2.04708 0.086647 0.0536 0.174 -0.2553 0.6125 0.7481
0.515405 2.03686 0.095857 0.0629 0.1738 -0.1432 0.3958 0.9071
0.61847 2.08023 0.091861 0.0382 0.0925 -0.0059 0.1047 0.9945
0.515405 2.03686 0.095857 0.0629 0.1738 -0.1432 0.3958 0.9071
0.515405 2.04708 0.086647 0.0536 0.174 -0.2553 0.6125 0.7481
0.398868 1.99342 0.086647 0.0884 0.2661 -0.3284 0.7436 0.5824
-0.235645 0.674002 0.150247 0.6641 0.5 -0.7383 0.0256 0.674
-0.254666 0.67412 0.088688 0.6084 0.5 -0.9997 0.024 0.0086
-0.286069 -0.686408 0.086781 0.6025 0.9819 -0.9997 0.0243 0.0086
-0.286069 -0.686408 0.086781 0.6025 0.9819 -0.9997 0.0243 0.0086
-0.261528 -0.686573 0.174393 0.6646 0.9819 -0.7576 0.026 0.6522
-0.235645 0.674002 0.150247 0.6641 0.5 -0.7383 0.0256 0.674
-0.235645 0.674002 0.150247 0.6641 0.5 -0.7383 0.0256 0.674
-0.261528 -0.686573 0.174393 0.6646 0.9819 -0.7576 0.026 0.6522
-0.143632 -0.686596 0.227559 0.7139 0.9819 -0.0727 0.0278 0.997
-0.236693 0.67422 0.026795 0.5615 0.5 -0.9602 0.0235 -0.2782
-0.263023 -0.686255 -0.001254 0.5542 0.9819 -0.9671 0.0239 -0.2531
-0.286069 -0.686408 0.086781 0.6025 0.9819 -0.9997 0.0243 0.0086
-0.286069 -0.686408 0.086781 0.6025 0.9819 -0.9997 0.0243 0.0086
-0.254666 0.67412 0.088688 0.6084 0.5 -0.9997 0.024 0.0086
-0.236693 0.67422 0.026795 0.5615 0.5 -0.9602 0.0235 -0.2782
-0.220791 1.44671 0.039736 0.5615 0.2217 -0.936 0.0188 -0.3514
-0.236693 0.67422 0.026795 0.5615 0.5 -0.9602 0.0235 -0.2782
-0.254666 0.67412 0.088688 0.6084 0.5 -0.9997 0.024 0.0086
-0.254666 0.67412 0.088688 0.6084 0.5 -0.9997 0.024 0.0086
-0.238629 1.44671 0.086646 0.6084 0.2217 -0.9997 0.0207 -0.0124
-0.220791 1.44671 0.039736 0.5615 0.2217 -0.936 0.0188 -0.3514
-0.219891 1.44671 0.13963 0.6602 0.2217 -0.7318 0.0209 0.6812
-0.238629 1.44671 0.086646 0.6084 0.2217 -0.9997 0.0207 -0.0124
-0.254666 0.67412 0.088688 0.6084 0.5 -0.9997 0.024 0.0086
-0.254666 0.67412 0.088688 0.6084 0.5 -0.9997 0.024 0.0086
-0.235645 0.674002 0.150247 0.6641 0.5 -0.7383 0.0256 0.674
-0.219891 1.44671 0.13963 0.6602 0.2217 -0.7318 0.0209 0.6812
-0.219891 1.44671 0.13963 0.6602 0.2217 -0.7318 0.0209 0.6812
-0.235645 0.674002 0.150247 0.6641 0.5 -0.7383 0.0256 0.674
-0.14392 0.675468 0.187699 0.7158 0.5 -0.072 0.0205 0.9972
-0.143632 -0.686596 0.227559 0.7139 0.9819 -0.0727 0.0278 0.997
-0.14392 0.675468 0.187699 0.7158 0.5 -0.072 0.0205 0.9972
-0.235645 0.674002 0.150247 0.6641 0.5 -0.7383 0.0256 0.674
-0.14392 0.675468 0.187699 0.7158 0.5 -0.072 0.0205 0.9972
-0.143632 -0.686596 0.227559 0.7139 0.9819 -0.0727 0.0278 0.997
0.023293 -0.686473 0.180349 0.7627 0.9819 0.713 0.0299 0.7006
0.023293 -0.686473 0.180349 0.7627 0.9819 0.713 0.0299 0.7006
-0.003431 0.677033 0.1521 0.7671 0.5 0.7056 0.0276 0.7081
-0.14392 0.675468 0.187699 0.7158 0.5 -0.072 0.0205 0.9972
-0.016155 1.44671 0.086646 0.8228 0.2217 0.9988 0.0467 -0.0175
-0.034163 1.44671 0.138123 0.7715 0.2217 0.7311 0.0416 0.681
-0.003431 0.677033 0.1521 0.7671 0.5 0.7056 0.0275 0.7081
-0.003431 0.677033 0.1521 0.7671 0.5 0.7056 0.0275 0.7081
-0.034163 1.44671 0.138123 0.7715 0.2217 0.7311 0.0416 0.681
-0.128578 1.44671 0.179678 0.7158 0.2217 -0.0041 0.0256 0.9997
-0.128578 1.44671 0.179678 0.7158 0.2217 -0.0041 0.0256 0.9997
-0.14392 0.675468 0.187699 0.7158 0.5 -0.072 0.0205 0.9972
-0.003431 0.677033 0.1521 0.7671 0.5 0.7056 0.0275 0.7081
-0.14392 0.675468 0.187699 0.7158 0.5 -0.072 0.0205 0.9972
-0.128578 1.44671 0.179678 0.7158 0.2217 -0.0041 0.0256 0.9997
-0.219891 1.44671 0.13963 0.6602 0.2217 -0.7318 0.0209 0.6812
0.014101 0.677151 0.086664 0.8228 0.5 0.9994 0.0324 -0.0084
-0.003431 0.677033 0.1521 0.7671 0.5 0.7056 0.0275 0.7081
0.023293 -0.686473 0.180349 0.7627 0.9819 0.713 0.0299 0.7006
-0.003431 0.677033 0.1521 0.7671 0.5 0.7056 0.0275 0.7081
0.014101 0.677151 0.086664 0.8228 0.5 0.9994 0.0324 -0.0084
-0.016155 1.44671 0.086646 0.8228 0.2217 0.9988 0.0467 -0.0175
-0.016155 1.44671 0.086646 0.8228 0.2217 0.9988 0.0467 -0.0175
0.014101 0.677151 0.086664 0.8228 0.5 0.9994 0.0324 -0.0084
-0.004537 0.677251 0.021616 0.8784 0.5 0.6954 0.0296 -0.718
-0.004537 0.677251 0.021616 0.8784 0.5 0.6954 0.0296 -0.718
-0.035069 1.44671 0.038224 0.874 0.2217 0.7152 0.0434 -0.6975
-0.016155 1.44671 0.086646 0.8228 0.2217 0.9988 0.0467 -0.0175
-0.128578 1.44671 -0.001701 0.9297 0.2217 -0.0137 0.0295 -0.9995
-0.035069 1.44671 0.038224 0.874 0.2217 0.7152 0.0434 -0.6975
-0.004537 0.677251 0.021616 0.8784 0.5 0.6954 0.0296 -0.718
-0.004537 0.677251 0.021616 0.8784 0.5 0.6954 0.0296 -0.718
-0.145627 0.675785 -0.012482 0.9297 0.5 -0.0873 0.024 -0.9959
-0.128578 1.44671 -0.001701 0.9297 0.2217 -0.0137 0.0295 -0.9995
-0.220791 1.44671 0.039736 0.9785 0.2217 -0.4087 0.022 -0.9124
-0.128578 1.44671 -0.001701 0.9297 0.2217 -0.0137 0.0295 -0.9995
-0.145627 0.675785 -0.012482 0.9297 0.5 -0.0873 0.024 -0.9959
-0.145627 0.675785 -0.012482 0.9297 0.5 -0.0873 0.024 -0.9959
-0.236693 0.67422 0.026795 0.9785 0.5 -0.3974 0.0269 -0.9173
-0.220791 1.44671 0.039736 0.9785 0.2217 -0.4087 0.022 -0.9124
-0.236693 0.67422 0.026795 0.9785 0.5 -0.3974 0.0269 -0.9173
-0.145627 0.675785 -0.012482 0.9297 0.5 -0.0873 0.024 -0.9959
-0.146056 -0.686143 -0.057256 0.9355 0.9819 -0.0899 0.0313 -0.9955
-0.146056 -0.686143 -0.057256 0.9355 0.9819 -0.0899 0.0313 -0.9955
-0.263023 -0.686255 -0.001254 0.9863 0.9819 -0.4317 0.0269 -0.9016
-0.236693 0.67422 0.026795 0.9785 0.5 -0.3974 0.0269 -0.9173
0.023293 -0.686473 0.180349 0.7627 0.9819 0.713 0.0299 0.7006
0.048358 -0.686314 0.083957 0.8247 0.9819 0.9996 0.0251 -0.0085
0.014101 0.677151 0.086664 0.8228 0.5 0.9994 0.0324 -0.0084
0.014101 0.677151 0.086664 0.8228 0.5 0.9994 0.0324 -0.0084
0.048358 -0.686314 0.083957 0.8247 0.9819 0.9996 0.0251 -0.0085
0.021657 -0.686161 -0.011976 0.8862 0.9819 0.7027 0.0323 -0.7108
0.021657 -0.686161 -0.011976 0.8862 0.9819 0.7027 0.0323 -0.7108
-0.004537 0.677251 0.021616 0.8784 0.5 0.6954 0.0296 -0.718
0.014101 0.677151 0.086664 0.8228 0.5 0.9994 0.0324 -0.0084
-0.145627 0.675785 -0.012482 0.9297 0.5 -0.0873 0.0239 -0.9959
-0.004537 0.677251 0.021616 0.8784 0.5 0.6954 0.0296 -0.718
0.021657 -0.686161 -0.011976 0.8862 0.9819 0.7027 0.0323 -0.7108
0.021657 -0.686161 -0.011976 0.8862 0.9819 0.7027 0.0323 -0.7108
-0.146056 -0.686143 -0.057256 0.9355 0.9819 -0.0899 0.0313 -0.9955
-0.145627 0.675785 -0.012482 0.9297 0.5 -0.0873 0.024 -0.9959
-0.218661 1.96001 0.134781 0.8228 0.0256 -0.0959 0.9926 0.0747
-0.128578 1.97226 0.087665 0.7563 0.0592 -0.0121 0.9999 -0.0016
-0.232514 1.95993 0.086935 0.8325 0.0607 -0.118 0.9925 0.0323
-0.232514 1.95993 0.086935 0.8325 0.0607 -0.1175 0.9923 -0.0379
-0.128578 1.97226 0.087665 0.7563 0.0592 -0.0121 0.9999 -0.0016
-0.217784 1.95985 0.039372 0.8213 0.0955 -0.095 0.9923 -0.0794
-0.217784 1.95985 0.039372 0.8213 0.0955 -0.095 0.9923 -0.0794
-0.128578 1.97226 0.087665 0.7563 0.0592 -0.0121 0.9999 -0.0016
-0.128578 1.96092 0.014436 0.7559 0.1129 -0.0104 0.9882 -0.153
-0.128578 1.96092 0.014436 0.7559 0.1129 -0.0104 0.9882 -0.153
-0.128578 1.97226 0.087665 0.7563 0.0592 -0.0121 0.9999 -0.0016
-0.034375 1.96207 0.043156 0.687 0.0909 0.0733 0.9947 -0.0726
-0.034375 1.96207 0.043156 0.687 0.0909 0.0733 0.9947 -0.0726
-0.128578 1.97226 0.087665 0.7563 0.0592 -0.0121 0.9999 -0.0016
-0.02018 1.96214 0.088412 0.6772 0.0577 0.093 0.9957 -0.0009
-0.02018 1.96214 0.088412 0.6772 0.0577 0.093 0.9957 -0.0009
-0.128578 1.97226 0.087665 0.7563 0.0592 -0.0121 0.9999 -0.0016
-0.035205 1.96223 0.133427 0.6885 0.0248 0.0723 0.9949 0.0705
-0.035205 1.96223 0.133427 0.6885 0.0248 0.0723 0.9949 0.0705
-0.128578 1.97226 0.087665 0.7563 0.0592 -0.0121 0.9999 -0.0016
-0.128578 1.96116 0.160811 0.7573 0.00559998 -0.0117 0.9886 0.1501
-0.128578 1.96116 0.160811 0.7573 0.00559998 -0.0117 0.9886 0.1501
-0.128578 1.97226 0.087665 0.7563 0.0592 -0.0121 0.9999 -0.0016
-0.218661 1.96001 0.134781 0.8228 0.0256 -0.0959 0.9926 0.0747
-0.219891 1.44671 0.13963 0.5059 0.3533 0 -1 0
-0.128578 1.44671 0.179678 0.5244 0.4229 0 -1 0
-0.128578 1.44671 0.206349 0.5386 0.4229 0 -1 0
-0.128578 1.44671 0.206349 0.5386 0.4229 0 -1 0
-0.128578 1.44671 0.179678 0.5244 0.4229 0 -1 0
-0.034163 1.44671 0.138123 0.5059 0.4924 0 -1 0
-0.034163 1.44671 0.138123 0.5059 0.4924 0 -1 0
-0.015454 1.44671 0.155573 0.5161 0.5063 0 -1 0
-0.128578 1.44671 0.206349 0.5386 0.4229 0 -1 0
0.007174 1.44671 0.086646 0.4739 0.5244 0 -1 0
-0.015454 1.44671 0.155573 0.5161 0.5063 0 -1 0
-0.034163 1.44671 0.138123 0.5059 0.4924 0 -1 0
-0.034163 1.44671 0.138123 0.5059 0.4924 0 -1 0
-0.016155 1.44671 0.086646 0.4739 0.5063 0 -1 0
0.007174 1.44671 0.086646 0.4739 0.5244 0 -1 0
0.007174 1.44671 0.086646 0.4739 0.5244 0 -1 0
-0.016155 1.44671 0.086646 0.4739 0.5063 0 -1 0
-0.035069 1.44671 0.038224 0.4419 0.4924 0 -1 0
-0.035069 1.44671 0.038224 0.4419 0.4924 0 -1 0
-0.016672 1.44671 0.020474 0.4312 0.5063 0 -1 0
0.007174 1.44671 0.086646 0.4739 0.5244 0 -1 0
-0.128578 1.44671 -0.028372 0.4087 0.4229 0 -1 0
-0.016672 1.44671 0.020474 0.4312 0.5063 0 -1 0
-0.035069 1.44671 0.038224 0.4419 0.4924 0 -1 0
-0.035069 1.44671 0.038224 0.4419 0.4924 0 -1 0
-0.128578 1.44671 -0.001701 0.4231 0.4229 0 -1 0
-0.128578 1.44671 -0.028372 0.4087 0.4229 0 -1 0
-0.128578 1.44671 -0.028372 0.4087 0.4229 0 -1 0
-0.128578 1.44671 -0.001701 0.4231 0.4229 0 -1 0
-0.220791 1.44671 0.039736 0.4419 0.3533 0 -1 0
-0.220791 1.44671 0.039736 0.4419 0.3533 0 -1 0
-0.2395 1.44671 0.022287 0.4312 0.3394 0 -1 0
-0.128578 1.44671 -0.028372 0.4087 0.4229 0 -1 0
-0.26111 1.44671 0.086646 0.4739 0.3225 0 -1 0
-0.2395 1.44671 0.022287 0.4312 0.3394 0 -1 0
-0.220791 1.44671 0.039736 0.4419 0.3533 0 -1 0
-0.220791 1.44671 0.039736 0.4419 0.3533 0 -1 0
-0.238629 1.44671 0.086646 0.4739 0.3394 0 -1 0
-0.26111 1.44671 0.086646 0.4739 0.3225 0 -1 0
-0.26111 1.44671 0.086646 0.4739 0.3225 0 -1 0
-0.238629 1.44671 0.086646 0.4739 0.3394 0 -1 0
-0.219891 1.44671 0.13963 0.5059 0.3533 0 -1 0
-0.219891 1.44671 0.13963 0.5059 0.3533 0 -1 0
-0.238282 1.44671 0.157379 0.5161 0.3394 0 -1 0
-0.26111 1.44671 0.086646 0.4739 0.3225 0 -1 0
-0.128578 1.44671 0.206349 0.5386 0.4229 0 -1 0
-0.238282 1.44671 0.157379 0.5161 0.3394 0 -1 0
-0.219891 1.44671 0.13963 0.5059 0.3533 0 -1 0
-0.235092 -0.732388 0.021539 0.9502 0.0423 -0.3364 -0.9007 -0.2749
-0.256384 -0.715439 0.004078 0.957 0.0378 -0.6364 -0.5633 -0.5269
-0.145992 -0.715139 -0.04967 0.9229 0.0238 -0.079 -0.5488 -0.8322
-0.145992 -0.715139 -0.04967 0.9229 0.0238 -0.079 -0.5488 -0.8322
-0.145786 -0.731558 -0.024588 0.9224 0.0303 -0.0487 -0.8933 -0.4469
-0.235092 -0.732388 0.021539 0.9502 0.0423 -0.3364 -0.9007 -0.2749
-0.145786 -0.731558 -0.024588 0.9224 0.0303 -0.0487 -0.8933 -0.4469
-0.145992 -0.715139 -0.04967 0.9229 0.0238 -0.079 -0.5488 -0.8322
0.015248 -0.714974 -0.005691 0.8721 0.0355 0.5746 -0.5807 -0.5767
0.015248 -0.714974 -0.005691 0.8721 0.0355 0.5746 -0.5807 -0.5767
-0.005338 -0.730817 0.014895 0.8784 0.0407 0.2809 -0.9229 -0.2634
-0.145786 -0.731558 -0.024588 0.9224 0.0303 -0.0487 -0.8933 -0.4469
-0.005338 -0.730817 0.014895 0.8784 0.0407 0.2809 -0.9229 -0.2634
0.015248 -0.714974 -0.005691 0.8721 0.0355 0.5746 -0.5807 -0.5767
0.040401 -0.714686 0.083951 0.8633 0.057 0.8106 -0.5855 -0.0063
0.040401 -0.714686 0.083951 0.8633 0.057 0.8106 -0.5855 -0.0063
0.01476 -0.729204 0.084086 0.8716 0.0571 0.3826 -0.9239 -0.0014
-0.005338 -0.730817 0.014895 0.8784 0.0407 0.2809 -0.9229 -0.2634
0.01476 -0.729204 0.084086 0.8716 0.0571 0.3826 -0.9239 -0.0014
0.040401 -0.714686 0.083951 0.8633 0.057 0.8106 -0.5855 -0.0063
0.016784 -0.715263 0.174046 0.8711 0.0786 0.5812 -0.5847 0.566
0.016784 -0.715263 0.174046 0.8711 0.0786 0.5812 -0.5847 0.566
-0.004131 -0.731029 0.153671 0.8779 0.0735 0.2871 -0.9228 0.2571
0.01476 -0.729204 0.084086 0.8716 0.0571 0.3826 -0.9239 -0.0014
-0.004131 -0.731029 0.153671 0.8779 0.0735 0.2871 -0.9228 0.2571
0.016784 -0.715263 0.174046 0.8711 0.0786 0.5812 -0.5847 0.566
-0.143696 -0.715569 0.219867 0.9219 0.0908 -0.0594 -0.5526 0.8313
-0.143696 -0.715569 0.219867 0.9219 0.0908 -0.0594 -0.5526 0.8313
-0.14392 -0.731906 0.194732 0.9219 0.0843 -0.0349 -0.8952 0.4443
-0.004131 -0.731029 0.153671 0.8779 0.0735 0.2871 -0.9228 0.2571
-0.144873 -0.764356 0.08501 0.9219 0.0573 -0.0354 -0.9994 -0.0018
0.01476 -0.729204 0.084086 0.8716 0.0571 0.3826 -0.9239 -0.0014
-0.004131 -0.731029 0.153671 0.8779 0.0735 0.2871 -0.9228 0.2571
-0.004131 -0.731029 0.153671 0.8779 0.0735 0.2871 -0.9228 0.2571
-0.14392 -0.731906 0.194732 0.9219 0.0843 -0.0349 -0.8952 0.4443
-0.144873 -0.764356 0.08501 0.9219 0.0573 -0.0354 -0.9994 -0.0018
-0.144873 -0.764356 0.08501 0.9219 0.0573 -0.0354 -0.9994 -0.0018
-0.14392 -0.731906 0.194732 0.9219 0.0843 -0.0349 -0.8952 0.4443
-0.234015 -0.732594 0.150853 0.9497 0.0728 -0.3312 -0.9026 0.2751
-0.234015 -0.732594 0.150853 0.9497 0.0728 -0.3312 -0.9026 0.2751
-0.253071 -0.731864 0.086322 0.9561 0.0576 -0.4423 -0.8969 0.0022
-0.144873 -0.764356 0.08501 0.9219 0.0573 -0.0354 -0.9994 -0.0018
-0.14392 -0.731906 0.194732 0.9219 0.0843 -0.0349 -0.8952 0.4443
-0.143696 -0.715569 0.219867 0.9219 0.0908 -0.0594 -0.5526 0.8313
-0.254983 -0.715728 0.16882 0.9565 0.0775 -0.6279 -0.5652 0.5351
-0.254983 -0.715728 0.16882 0.9565 0.0775 -0.6279 -0.5652 0.5351
-0.234015 -0.732594 0.150853 0.9497 0.0728 -0.3312 -0.9026 0.2751
-0.14392 -0.731906 0.194732 0.9219 0.0843 -0.0349 -0.8952 0.4443
-0.234015 -0.732594 0.150853 0.9497 0.0728 -0.3312 -0.9026 0.2751
-0.254983 -0.715728 0.16882 0.9565 0.0775 -0.6279 -0.5652 0.5351
-0.27823 -0.715427 0.08664 0.9648 0.0577 -0.8281 -0.5606 0.0066
-0.27823 -0.715427 0.08664 0.9648 0.0577 -0.8281 -0.5606 0.0066
-0.253071 -0.731864 0.086322 0.9561 0.0576 -0.4423 -0.8969 0.0022
-0.234015 -0.732594 0.150853 0.9497 0.0728 -0.3312 -0.9026 0.2751
-0.253071 -0.731864 0.086322 0.9561 0.0576 -0.4423 -0.8969 0.0022
-0.27823 -0.715427 0.08664 0.9648 0.0577 -0.8281 -0.5606 0.0066
-0.256384 -0.715439 0.004078 0.957 0.0378 -0.6364 -0.5633 -0.5269
-0.256384 -0.715439 0.004078 0.957 0.0378 -0.6364 -0.5633 -0.5269
-0.235092 -0.732388 0.021539 0.9502 0.0423 -0.3364 -0.9007 -0.2749
-0.253071 -0.731864 0.086322 0.9561 0.0576 -0.4423 -0.8969 0.0022
-0.144873 -0.764356 0.08501 0.9219 0.0573 -0.0354 -0.9994 -0.0018
-0.253071 -0.731864 0.086322 0.9561 0.0576 -0.4423 -0.8969 0.0022
-0.235092 -0.732388 0.021539 0.9502 0.0423 -0.3364 -0.9007 -0.2749
-0.235092 -0.732388 0.021539 0.9502 0.0423 -0.3364 -0.9007 -0.2749
-0.145786 -0.731558 -0.024588 0.9224 0.0303 -0.0487 -0.8933 -0.4469
-0.144873 -0.764356 0.08501 0.9219 0.0573 -0.0354 -0.9994 -0.0018
-0.144873 -0.764356 0.08501 0.9219 0.0573 -0.0354 -0.9994 -0.0018
-0.145786 -0.731558 -0.024588 0.9224 0.0303 -0.0487 -0.8933 -0.4469
-0.005338 -0.730817 0.014895 0.8784 0.0407 0.2809 -0.9229 -0.2634
-0.005338 -0.730817 0.014895 0.8784 0.0407 0.2809 -0.9229 -0.2634
0.01476 -0.729204 0.084086 0.8716 0.0571 0.3826 -0.9239 -0.0014
-0.144873 -0.764356 0.08501 0.9219 0.0573 -0.0354 -0.9994 -0.0018
-0.286069 -0.686408 0.086781 0.9736 0.0578 -0.9652 -0.2614 0.0086
-0.27823 -0.715427 0.08664 0.9648 0.0577 -0.8281 -0.5606 0.0066
-0.254983 -0.715728 0.16882 0.9565 0.0775 -0.6279 -0.5652 0.5351
-0.254983 -0.715728 0.16882 0.9565 0.0775 -0.6279 -0.5652 0.5351
-0.261528 -0.686573 0.174393 0.9634 0.0818 -0.7298 -0.2808 0.6234
-0.286069 -0.686408 0.086781 0.9736 0.0578 -0.9652 -0.2614 0.0086
-0.261528 -0.686573 0.174393 0.9634 0.0818 -0.7298 -0.2808 0.6234
-0.254983 -0.715728 0.16882 0.9565 0.0775 -0.6279 -0.5652 0.5351
-0.143696 -0.715569 0.219867 0.9219 0.0908 -0.0594 -0.5526 0.8313
-0.143696 -0.715569 0.219867 0.9219 0.0908 -0.0594 -0.5526 0.8313
-0.143632 -0.686596 0.227559 0.9224 0.0973 -0.0661 -0.2568 0.9642
-0.261528 -0.686573 0.174393 0.9634 0.0818 -0.7298 -0.2808 0.6234
-0.143632 -0.686596 0.227559 0.9224 0.0973 -0.0661 -0.2568 0.9642
-0.143696 -0.715569 0.219867 0.9219 0.0908 -0.0594 -0.5526 0.8313
0.016784 -0.715263 0.174046 0.8711 0.0786 0.5812 -0.5847 0.566
0.016784 -0.715263 0.174046 0.8711 0.0786 0.5812 -0.5847 0.566
0.023293 -0.686473 0.180349 0.8652 0.0831 0.6823 -0.3 0.6667
-0.143632 -0.686596 0.227559 0.9224 0.0973 -0.0661 -0.2568 0.9642
0.023293 -0.686473 0.180349 0.8652 0.0831 0.6823 -0.3 0.6667
0.016784 -0.715263 0.174046 0.8711 0.0786 0.5812 -0.5847 0.566
0.040401 -0.714686 0.083951 0.8633 0.057 0.8106 -0.5855 -0.0063
0.040401 -0.714686 0.083951 0.8633 0.057 0.8106 -0.5855 -0.0063
0.048358 -0.686314 0.083957 0.8545 0.0569 0.9627 -0.2703 -0.0088
0.023293 -0.686473 0.180349 0.8652 0.0831 0.6823 -0.3 0.6667
0.048358 -0.686314 0.083957 0.8545 0.0569 0.9627 -0.2703 -0.0088
0.040401 -0.714686 0.083951 0.8633 0.057 0.8106 -0.5855 -0.0063
0.015248 -0.714974 -0.005691 0.8721 0.0355 0.5746 -0.5807 -0.5767
0.015248 -0.714974 -0.005691 0.8721 0.0355 0.5746 -0.5807 -0.5767
0.021657 -0.686161 -0.011976 0.8662 0.0309 0.6739 -0.2964 -0.6768
0.048358 -0.686314 0.083957 0.8545 0.0569 0.9627 -0.2703 -0.0088
0.021657 -0.686161 -0.011976 0.8662 0.0309 0.6739 -0.2964 -0.6768
0.015248 -0.714974 -0.005691 0.8721 0.0355 0.5746 -0.5807 -0.5767
-0.145992 -0.715139 -0.04967 0.9229 0.0238 -0.079 -0.5488 -0.8322
-0.145992 -0.715139 -0.04967 0.9229 0.0238 -0.079 -0.5488 -0.8322
-0.146056 -0.686143 -0.057256 0.9233 0.0173 -0.0863 -0.2543 -0.9633
0.021657 -0.686161 -0.011976 0.8662 0.0309 0.6739 -0.2964 -0.6768
-0.146056 -0.686143 -0.057256 0.9233 0.0173 -0.0863 -0.2543 -0.9633
-0.145992 -0.715139 -0.04967 0.9229 0.0238 -0.079 -0.5488 -0.8322
-0.256384 -0.715439 0.004078 0.957 0.0378 -0.6364 -0.5633 -0.5269
-0.256384 -0.715439 0.004078 0.957 0.0378 -0.6364 -0.5633 -0.5269
-0.263023 -0.686255 -0.001254 0.9639 0.0335 -0.7401 -0.2794 -0.6117
-0.146056 -0.686143 -0.057256 0.9233 0.0173 -0.0863 -0.2543 -0.9633
-0.263023 -0.686255 -0.001254 0.9639 0.0335 -0.7401 -0.2794 -0.6117
-0.256384 -0.715439 0.004078 0.957 0.0378 -0.6364 -0.5633 -0.5269
-0.27823 -0.715427 0.08664 0.9648 0.0577 -0.8281 -0.5606 0.0066
-0.27823 -0.715427 0.08664 0.9648 0.0577 -0.8281 -0.5606 0.0066
-0.286069 -0.686408 0.086781 0.9736 0.0578 -0.9652 -0.2614 0.0086
-0.263023 -0.686255 -0.001254 0.9639 0.0335 -0.7401 -0.2794 -0.6117
-0.237228 1.90267 0.086647 0.8228 0.2212 -0.9986 0.0506 -0.0148
-0.232514 1.95993 0.086935 0.8228 0.1185 -0.9966 0.0821 -0.0083
-0.217784 1.95985 0.039372 0.8784 0.1185 -0.7176 0.0855 -0.6912
-0.217784 1.95985 0.039372 0.8784 0.1185 -0.7176 0.0855 -0.6912
-0.218313 1.90267 0.038224 0.874 0.2212 -0.7218 0.0206 -0.6918
-0.237228 1.90267 0.086647 0.8228 0.2212 -0.9986 0.0506 -0.0148
-0.128578 1.90267 -0.0017 0.9297 0.2212 0.0359 0.2253 -0.9736
-0.218313 1.90267 0.038224 0.874 0.2212 -0.7218 0.0206 -0.6918
-0.217784 1.95985 0.039372 0.8784 0.1185 -0.7176 0.0855 -0.6912
-0.217784 1.95985 0.039372 0.8784 0.1185 -0.7176 0.0855 -0.6912
-0.128578 1.96092 0.014436 0.9297 0.1185 0.0517 0.2341 -0.9708
-0.128578 1.90267 -0.0017 0.9297 0.2212 0.0359 0.2253 -0.9736
-0.032592 1.90267 0.039736 0.978 0.2212 0.3247 0.1281 -0.9371
-0.128578 1.90267 -0.0017 0.9297 0.2212 0.0359 0.2253 -0.9736
-0.128578 1.96092 0.014436 0.9297 0.1185 0.0517 0.2341 -0.9708
-0.128578 1.96092 0.014436 0.9297 0.1185 0.0517 0.2341 -0.9708
-0.034375 1.96207 0.043156 0.978 0.1185 0.2903 0.0637 -0.9548
-0.032592 1.90267 0.039736 0.978 0.2212 0.3247 0.1281 -0.9371
-0.032592 1.90267 0.039736 0.564 0.2212 0.9408 0.0743 -0.3307
-0.034375 1.96207 0.043156 0.564 0.1183 0.9531 0.0458 -0.299
-0.02018 1.96214 0.088412 0.6084 0.1183 0.9974 0.0718 0.0066
-0.02018 1.96214 0.088412 0.6084 0.1183 0.9974 0.0718 0.0066
-0.014748 1.90267 0.086647 0.6084 0.2212 0.9956 0.0915 -0.0177
-0.032592 1.90267 0.039736 0.564 0.2212 0.9408 0.0743 -0.3307
-0.033492 1.90267 0.13963 0.6602 0.2212 0.6879 0.1359 0.7129
-0.014748 1.90267 0.086647 0.6084 0.2212 0.9957 0.0915 -0.0177
-0.02018 1.96214 0.088412 0.6084 0.1183 0.9974 0.0718 0.0066
-0.02018 1.96214 0.088412 0.6084 0.1183 0.9974 0.0718 0.0066
-0.035205 1.96223 0.133427 0.6641 0.1183 0.7028 0.0937 0.7052
-0.033492 1.90267 0.13963 0.6602 0.2212 0.6879 0.1359 0.7129
-0.033492 1.90267 0.13963 0.6602 0.2212 0.6879 0.1359 0.7129
-0.035205 1.96223 0.133427 0.6641 0.1183 0.7028 0.0937 0.7052
-0.128578 1.96116 0.160811 0.7158 0.1183 0.0415 0.2746 0.9607
-0.128578 1.96116 0.160811 0.7158 0.1183 0.0415 0.2746 0.9607
-0.128578 1.90267 0.179678 0.7158 0.2212 0.0264 0.2658 0.9637
-0.033492 1.90267 0.13963 0.6602 0.2212 0.6879 0.1359 0.713
-0.128578 1.90267 0.179678 0.7158 0.2212 0.0264 0.2658 0.9637
-0.128578 1.96116 0.160811 0.7158 0.1183 0.0415 0.2746 0.9607
-0.218661 1.96001 0.134781 0.7671 0.1185 -0.7337 0.1074 0.671
-0.218661 1.96001 0.134781 0.7671 0.1185 -0.7337 0.1074 0.671
-0.219214 1.90267 0.138123 0.7715 0.2212 -0.7324 0.0467 0.6793
-0.128578 1.90267 0.179678 0.7158 0.2212 0.0264 0.2658 0.9637
-0.237228 1.90267 0.086647 0.8228 0.2212 -0.9986 0.0506 -0.0148
-0.219214 1.90267 0.138123 0.7715 0.2212 -0.7324 0.0467 0.6792
-0.218661 1.96001 0.134781 0.7671 0.1185 -0.7337 0.1074 0.671
-0.218661 1.96001 0.134781 0.7671 0.1185 -0.7337 0.1074 0.671
-0.232514 1.95993 0.086935 0.8228 0.1185 -0.9966 0.0821 -0.0083
-0.237228 1.90267 0.086647 0.8228 0.2212 -0.9986 0.0506 -0.0148
-0.382084 1.89507 0.090313 0.0016 0.52 -0.9909 0.1348 0.006
-0.374651 1.93564 0.089695 0.0016 0.5376 -0.9836 0.1802 0.0006
-0.376664 1.92489 0.020398 0.0366 0.5356 -0.9869 0.1553 -0.0435
-0.376664 1.92489 0.020398 0.0366 0.5356 -0.9869 0.1553 -0.0435
-0.382908 1.89155 0.042202 0.0253 0.5181 -0.9909 0.1315 -0.0278
-0.382084 1.89507 0.090313 0.0016 0.52 -0.9909 0.1348 0.006
-0.382908 1.89155 0.042202 0.0253 0.5181 -0.9909 0.1315 -0.0278
-0.376664 1.92489 0.020398 0.0366 0.5356 -0.9869 0.1553 -0.0435
-0.384467 1.82321 -0.032091 0.0707 0.4827 -0.989 0.0987 -0.1098
-0.384467 1.82321 -0.032091 0.0707 0.4827 -0.989 0.0987 -0.1098
-0.38977 1.81217 0.005285 0.0489 0.4771 -0.9949 0.0827 -0.0569
-0.382908 1.89155 0.042202 0.0253 0.5181 -0.9909 0.1315 -0.0278
-0.38977 1.81217 0.005285 0.0489 0.4771 -0.9949 0.0827 -0.0569
-0.384467 1.82321 -0.032091 0.0707 0.4827 -0.989 0.0987 -0.1098
-0.397809 1.60316 -0.042314 0.0718 0.3684 -0.9989 -0.0023 -0.0459
-0.397809 1.60316 -0.042314 0.0718 0.3684 -0.9989 -0.0023 -0.0459
-0.399145 1.63012 -0.013665 0.0564 0.3826 -0.9993 0.0126 -0.0345
-0.38977 1.81217 0.005285 0.0489 0.4771 -0.9949 0.0827 -0.0569
-0.399145 1.63012 -0.013665 0.0564 0.3826 -0.9993 0.0126 -0.0345
-0.397809 1.60316 -0.042314 0.0718 0.3684 -0.9989 -0.0023 -0.0459
-0.395549 1.58869 0.090083 0.0016 0.3628 -0.9979 -0.0635 0.0092
-0.395549 1.58869 0.090083 0.0016 0.3628 -0.9979 -0.0636 0.0092
-0.398197 1.62986 0.090201 0.0016 0.3823 -0.9999 -0.0069 0.0092
-0.399145 1.63012 -0.013665 0.0564 0.3826 -0.9993 0.0126 -0.0345
-0.38977 1.81217 0.005285 0.0489 0.4771 -0.9949 0.0827 -0.0569
-0.399145 1.63012 -0.013665 0.0564 0.3826 -0.9993 0.0126 -0.0345
-0.398197 1.62986 0.090201 0.0016 0.3823 -0.9999 -0.0069 0.0092
-0.398197 1.62986 0.090201 0.0016 0.3823 -0.9999 -0.0069 0.0092
-0.388805 1.81449 0.090183 0.0016 0.4783 -0.9977 0.0669 0.0099
-0.38977 1.81217 0.005285 0.0489 0.4771 -0.9949 0.0827 -0.0569
-0.382908 1.89155 0.042202 0.0253 0.5181 -0.9909 0.1315 -0.0278
-0.38977 1.81217 0.005285 0.0489 0.4771 -0.9949 0.0827 -0.0569
-0.388805 1.81449 0.090183 0.0016 0.4783 -0.9977 0.0669 0.0099
-0.388805 1.81449 0.090183 0.0016 0.4783 -0.9977 0.0669 0.0099
-0.382084 1.89507 0.090313 0.0016 0.52 -0.9909 0.1348 0.006
-0.382908 1.89155 0.042202 0.0253 0.5181 -0.9909 0.1315 -0.0278
-0.397244 1.62959 0.196733 0.0571 0.3821 -0.9984 0.0145 0.0547
-0.395396 1.6025 0.225258 0.0724 0.3682 -0.9979 -0.0014 0.0641
-0.382213 1.82343 0.215224 0.0714 0.4829 -0.9868 0.0997 0.1275
-0.382213 1.82343 0.215224 0.0714 0.4829 -0.9868 0.0997 0.1275
-0.388234 1.81147 0.178213 0.0497 0.4766 -0.9937 0.0826 0.0756
-0.397244 1.62959 0.196733 0.0571 0.3821 -0.9984 0.0145 0.0547
-0.388234 1.81147 0.178213 0.0497 0.4766 -0.9937 0.0826 0.0756
-0.382213 1.82343 0.215224 0.0714 0.4829 -0.9868 0.0997 0.1275
-0.375169 1.92736 0.155526 0.0365 0.5366 -0.9854 0.1593 0.0594
-0.375169 1.92736 0.155526 0.0365 0.5366 -0.9854 0.1593 0.0594
-0.381878 1.89313 0.135116 0.0252 0.519 -0.9903 0.1321 0.0427
-0.388234 1.81147 0.178213 0.0497 0.4766 -0.9937 0.0826 0.0756
-0.381878 1.89313 0.135116 0.0252 0.519 -0.9903 0.1321 0.0427
-0.375169 1.92736 0.155526 0.0365 0.5366 -0.9854 0.1593 0.0594
-0.374651 1.93564 0.089695 0.0016 0.5376 -0.9832 0.1818 0.0137
-0.374651 1.93564 0.089695 0.0016 0.5376 -0.9832 0.1818 0.0137
-0.382084 1.89507 0.090313 0.0016 0.52 -0.991 0.1334 0.0103
-0.381878 1.89313 0.135116 0.0252 0.519 -0.9903 0.1321 0.0427
-0.381878 1.89313 0.135116 0.0252 0.519 -0.9903 0.1321 0.0427
-0.382084 1.89507 0.090313 0.0016 0.52 -0.991 0.1334 0.0103
-0.388805 1.81449 0.090183 0.0016 0.4783 -0.9977 0.0671 0.0086
-0.388805 1.81449 0.090183 0.0016 0.4783 -0.9977 0.0671 0.0086
-0.388234 1.81147 0.178213 0.0497 0.4766 -0.9937 0.0826 0.0756
-0.381878 1.89313 0.135116 0.0252 0.519 -0.9903 0.1321 0.0427
-0.388234 1.81147 0.178213 0.0497 0.4766 -0.9937 0.0826 0.0756
-0.388805 1.81449 0.090183 0.0016 0.4783 -0.9977 0.0671 0.0086
-0.398197 1.62986 0.090201 0.0016 0.3823 -0.9999 -0.0065 0.0083
-0.398197 1.62986 0.090201 0.0016 0.3823 -0.9999 -0.0065 0.0083
-0.397244 1.62959 0.196733 0.0571 0.3821 -0.9984 0.0145 0.0547
-0.388234 1.81147 0.178213 0.0497 0.4766 -0.9937 0.0826 0.0756
-0.395396 1.6025 0.225258 0.0724 0.3682 -0.9979 -0.0014 0.0641
-0.397244 1.62959 0.196733 0.0571 0.3821 -0.9984 0.0145 0.0547
-0.398197 1.62986 0.090201 0.0016 0.3823 -0.9999 -0.0065 0.0083
-0.398197 1.62986 0.090201 0.0016 0.3823 -0.9999 -0.0065 0.0083
-0.395549 1.58869 0.090083 0.0016 0.3628 -0.9979 -0.0642 0.0077
-0.395396 1.6025 0.225258 0.0724 0.3682 -0.9979 -0.0014 0.0641
